model:
  d_model: 64 #8
  activation: gelu # 'gelu' 'silu'
  activation_cls: selu
  activation_masking: silu
  dim_feedforward: 64 #32
  dropout: 0.06180848489914917 #0.1073617781434152
  n_head: 8 #4
  num_encoder_layers: 6 #2 4
  mask_threshold: 0.31007004804529986
  mask_region_bound: 0.05
  ratio_highest_attention: 0.3 #0.1
  output_head:
    reduced: True
optimizer:
  beta1: 0.9027316189043788 # 0.8617949433117824
  beta2: 0.9566901737591142 # 0.9290826798040532
  weight_decay: 0.00009891810655245344 #0.0002677700972589832
training:
  learning_rate: 0.0005020176860139518 # 0.0015574486594428344
  batch_size: 16 #16
loss:
  lambda_contrastive: 0.6689121574533855

