ploting 0.8560
n_threads = 128
100000 28164
200000 54915
300000 80127
400000 117378
500000 141449
600000 188630
700000 229678
800000 268916
900000 306163
1000000 368716
1100000 419683
1200000 454228
1300000 507394
1400000 556509
1500000 604999
1600000 671089
1700000 708362
1800000 756188
1900000 822563
2000000 878957
2100000 925917
2200000 974716
2300000 1021033
2400000 1081699
2500000 1149774
2600000 1184646
2700000 1224210
2800000 1286244
2900000 1366858
3000000 1420827
3100000 1477009
3200000 1555225
3300000 1622941
3400000 1687056
3500000 1717982
3600000 1755443
3700000 1770995
3800000 1808160
3900000 1872595
4000000 1928546
4100000 1985244
4200000 2028448
4300000 2127462
4400000 2194690
4500000 2220273
4600000 2246874
4700000 2273143
4800000 2278749
4900000 2292451
5000000 2319805
5100000 2340241
5200000 2353709
5300000 2371922
5400000 2410324
5500000 2439879
5600000 2470281
5700000 2495688
5800000 2517485
5900000 2525320
6000000 2527597
6100000 2529286
6200000 2531057
6300000 2547123
6400000 2564624
6500000 2583290
6600000 2599155
6700000 2620991
6800000 2645434
6900000 2663688
7000000 2676917
7100000 2691325
7200000 2708285
7300000 2725499
7400000 2741428
7500000 2748603
7600000 2753661
7700000 2755889
7800000 2762820
7900000 2768664
8000000 2770747
8100000 2772735
8200000 2774527
8300000 2777076
8400000 2780454
8500000 2782559
8600000 2784583
8700000 2786133
8800000 2787722
8900000 2789766
9000000 2792046
9100000 2794785
9200000 2796345
9300000 2800956
9400000 2813326
9500000 2832537
9600000 2851028
9700000 2867042
9800000 2879822
9900000 2892622
10000000 2907629
10100000 2923630
10200000 2943843
10300000 2957291
10400000 2971544
10500000 2986363
10600000 3003993
10700000 3018709
10800000 3034444
10900000 3050650
11000000 3069069
11100000 3091992
11200000 3109696
11300000 3122794
11400000 3131403
11500000 3140187
11600000 3148801
11700000 3158458
11800000 3167794
11900000 3177901
12000000 3188733
12100000 3200805
12200000 3212545
12300000 3226727
12400000 3240526
12500000 3257005
12600000 3272817
12700000 3284630
12800000 3300553
12900000 3313843
13000000 3322892
13100000 3334065
13200000 3339169
13300000 3343695
13400000 3349081
13500000 3352608
13600000 3355588
13700000 3357481
13800000 3359093
13900000 3361335
14000000 3364930
14100000 3367499
14200000 3371370
14300000 3376364
14400000 3389298
14500000 3397484
14600000 3398523
14700000 3399772
14800000 3402964
14900000 3412948
15000000 3432682
15100000 3456031
15200000 3479543
15300000 3505470
15400000 3530878
15500000 3559176
15600000 3591364
15700000 3621290
15800000 3651572
15900000 3682615
16000000 3714498
16100000 3739183
16200000 3762715
16300000 3786564
16400000 3804365
16500000 3820568
16600000 3836166
16700000 3854247
16800000 3871075
16900000 3889154
17000000 3909023
17100000 3930969
17200000 3951676
17300000 3969883
17400000 3986786
17500000 4005166
17600000 4024228
17700000 4046312
17800000 4065885
17900000 4084543
18000000 4106179
18100000 4128098
18200000 4148197
18300000 4168654
18400000 4192505
18500000 4211175
18600000 4232182
18700000 4251857
18800000 4271684
18900000 4293353
19000000 4314643
19100000 4333440
19200000 4346687
19300000 4362122
19400000 4379508
19500000 4400121
19600000 4419966
19700000 4439823
19800000 4457074
19900000 4472364
20000000 4492013
20100000 4511771
20200000 4527195
20300000 4544597
20400000 4560878
20500000 4576057
20600000 4589481
20700000 4604801
20800000 4618685
20900000 4632416
21000000 4643076
21100000 4656776
21200000 4670149
21300000 4682474
21400000 4696716
21500000 4708937
21600000 4725428
21700000 4742064
21800000 4757150
21900000 4772381
22000000 4786576
22100000 4802782
22200000 4815261
22300000 4828172
22400000 4838255
22500000 4850045
22600000 4862489
22700000 4872293
22800000 4882347
22900000 4890729
23000000 4897977
23100000 4904467
23200000 4907728
23300000 4913050
23400000 4920455
23500000 4923806
23600000 4927846
23700000 4931268
23800000 4934044
23900000 4939263
24000000 4942150
24100000 4945013
24200000 4948106
24300000 4950617
24400000 4952412
24500000 4954202
24600000 4956101
24700000 4957265
24800000 4958447
24900000 4959763
25000000 4960959
25100000 4961822
25200000 4962818
25300000 4963610
25400000 4964436
25500000 4965197
25600000 4965890
25700000 4966800
25800000 4967491
25900000 4968308
26000000 4969177
26100000 4970042
26200000 4971057
26300000 4972160
26400000 4973284
26500000 4974229
26600000 4975134
26700000 4976066
26800000 4976930
26900000 4977788
27000000 4979235
27100000 4981177
27200000 4982384
27300000 4983727
27400000 4984887
27500000 4985836
27600000 4987071
27700000 4988422
27800000 4989629
27900000 4990808
28000000 4991984
28100000 4992926
28200000 4994193
28300000 4995689
28400000 4997404
28500000 4998416
28600000 4999230
28700000 5000213
28800000 5001244
28900000 5002142
29000000 5003269
29100000 5004234
29200000 5005414
29300000 5006441
29400000 5007749
29500000 5008827
29600000 5012031
29700000 5019636
29800000 5026348
29900000 5035809
30000000 5046178
30100000 5052912
30200000 5062553
30300000 5075458
30400000 5087262
30500000 5104048
30600000 5115246
30700000 5127105
30800000 5137882
30900000 5150665
31000000 5166117
31100000 5179155
31200000 5192680
31300000 5203120
31400000 5215238
31500000 5228026
31600000 5240132
31700000 5251238
31800000 5262425
31900000 5272632
32000000 5282361
32100000 5294152
32200000 5304092
32300000 5313016
32400000 5323502
32500000 5333582
32600000 5341738
32700000 5350737
32800000 5360359
32900000 5371099
33000000 5381217
33100000 5389646
33200000 5398470
33300000 5407464
33400000 5418618
33500000 5428263
33600000 5437650
33700000 5448794
33800000 5461346
33900000 5473393
34000000 5483839
34100000 5494510
34200000 5506968
34300000 5518651
34400000 5529676
34500000 5548618
34600000 5559187
34700000 5568640
34800000 5578296
34900000 5587528
35000000 5597062
35100000 5603519
35200000 5613494
35300000 5620987
35400000 5631429
35500000 5640005
35600000 5647634
35700000 5656220
35800000 5665667
35900000 5674365
36000000 5684658
36100000 5694059
36200000 5703139
36300000 5716249
36400000 5730218
36500000 5742451
36600000 5755534
36700000 5768861
36800000 5780184
36900000 5796496
37000000 5811752
37100000 5826315
37200000 5840549
37300000 5853917
37400000 5866804
37500000 5877003
37600000 5890527
37700000 5903584
37800000 5917483
37900000 5931869
38000000 5950747
38100000 5967680
38200000 5983071
38300000 5998441
38400000 6008643
38500000 6025100
38600000 6037898
38700000 6056682
38800000 6070253
38900000 6088540
39000000 6105733
39100000 6122563
39200000 6141041
39300000 6159327
39400000 6173023
39500000 6183629
39600000 6197058
39700000 6208690
39800000 6220345
39900000 6234316
40000000 6246145
40100000 6255614
40200000 6264181
40300000 6271499
40400000 6280360
40500000 6288657
40600000 6295851
40700000 6303411
40800000 6309412
40900000 6317100
41000000 6324126
41100000 6329611
41200000 6335409
41300000 6341059
41400000 6348803
41500000 6355191
41600000 6360193
41700000 6366723
41800000 6374050
41900000 6381070
42000000 6388922
42100000 6395787
42200000 6402561
42300000 6411553
42400000 6419211
42500000 6427145
42600000 6436863
42700000 6446978
42800000 6456288
42900000 6465435
43000000 6471700
43100000 6479610
43200000 6487596
43300000 6495185
43400000 6502815
43500000 6510666
43600000 6517748
43700000 6526346
43800000 6535200
43900000 6542130
44000000 6551065
44100000 6560114
44200000 6567968
44300000 6577819
44400000 6588305
44500000 6598722
44600000 6608313
44700000 6618817
44800000 6628457
44900000 6635836
45000000 6645472
45100000 6653730
45200000 6660941
45300000 6670820
45400000 6679810
45500000 6688449
45600000 6701262
45700000 6712557
45800000 6723991
45900000 6736023
46000000 6747345
46100000 6756785
46200000 6766069
46300000 6776972
46400000 6788653
46500000 6800196
46600000 6810982
46700000 6823042
46800000 6837721
46900000 6847609
47000000 6857195
47100000 6865551
47200000 6874967
47300000 6884715
47400000 6897748
47500000 6911547
47600000 6920899
47700000 6928624
47800000 6936939
47900000 6945844
48000000 6955658
48100000 6962781
48200000 6971818
48300000 6983171
48400000 6994230
48500000 7004687
48600000 7014944
48700000 7025260
48800000 7039788
48900000 7050581
49000000 7062113
49100000 7073151
49200000 7081028
49300000 7085969
49400000 7091366
49500000 7098100
49600000 7104031
49700000 7109044
49800000 7115998
49900000 7122125
50000000 7129652
7129655 35740594
Proof Failed
Area:0.00000000 0.00000000
1.36514282 1.36645508
1.10848999 1.11483765
0.36514282 0.36672974
0.99957275 1.00064087
0.17144775 0.17776489
