6.003756523132324219e-01
2.699867486953735352e+00
4.817658662796020508e+00
6.911242246627807617e+00
8.969923019409179688e+00
1.103392004966735840e+01
1.309404706954956055e+01
1.513688206672668457e+01
1.718619561195373535e+01
1.920391106605529785e+01
2.120852804183959961e+01
2.321212673187255859e+01
2.517214131355285645e+01
2.714542007446289062e+01
2.910285091400146484e+01
3.107332706451416016e+01
3.301114225387573242e+01
3.493340349197387695e+01
3.685833716392517090e+01
3.876909446716308594e+01
4.067201876640319824e+01
4.258127379417419434e+01
4.450087833404541016e+01
4.639310741424560547e+01
4.831255769729614258e+01
5.019802165031433105e+01
5.210656261444091797e+01
5.401528859138488770e+01
5.592338037490844727e+01
5.781920385360717773e+01
5.970594835281372070e+01
6.160311841964721680e+01
6.348727607727050781e+01
6.537776446342468262e+01
6.729115986824035645e+01
6.918768644332885742e+01
7.107163810729980469e+01
7.297605562210083008e+01
7.486638355255126953e+01
7.675167965888977051e+01
7.865347290039062500e+01
8.055038547515869141e+01
8.244590067863464355e+01
8.435391426086425781e+01
8.625553631782531738e+01
8.819882082939147949e+01
9.010978794097900391e+01
9.200073671340942383e+01
9.389208698272705078e+01
9.578532695770263672e+01
9.768577718734741211e+01
