2.048290986658685142e-01
1.771659244604961714e-01
1.517660016879744944e-01
1.286891840804855747e-01
1.077860297041297599e-01
8.900423409386348794e-02
7.232537091067570145e-02
5.776084845047080307e-02
4.532439373815577710e-02
3.499255236511089606e-02
2.668143025675817626e-02
2.020640437058318639e-02
1.528280066759180045e-02
1.156356137562397635e-02
8.751866600505309179e-03
6.621573024858662393e-03
5.013302696625032695e-03
3.819500836016231915e-03
2.958134507935028523e-03
2.352544928498900845e-03
1.926926444411947159e-03
1.622920935233196360e-03
1.401733468242127856e-03
1.238404417563288007e-03
1.111407010739640100e-03
1.011196593026397750e-03
9.309470572702593927e-04
8.660397821245169325e-04
8.106583808853429218e-04
7.635927091769190156e-04
7.222572364753432339e-04
6.864101592896076909e-04
6.572947327754263824e-04
6.301640799506458279e-04
6.071896850130542589e-04
5.865536057854114915e-04
5.698675597045621544e-04
5.556921280458482215e-04
5.433210763499118912e-04
5.326220479275889375e-04
5.239403268149089854e-04
5.159793807649748487e-04
5.084398856922689447e-04
5.019182012517831026e-04
4.950662452927190316e-04
4.889610154066303949e-04
4.838712086723262473e-04
4.795356285569596366e-04
4.757459436461886071e-04
4.719029209638847533e-04
4.685627763194588624e-04
