2.048290986658685142e-01
1.772197997706825845e-01
1.518559495798399439e-01
1.287980219599376142e-01
1.079166822196384601e-01
8.914379641601044568e-02
7.247271314508907381e-02
5.791169481335600722e-02
4.549007450896169757e-02
3.516009653412766056e-02
2.684840237543539843e-02
2.036558879353833618e-02
1.543573436720180325e-02
1.172992261308536399e-02
8.930700400014757179e-03
6.814991204464604380e-03
5.228457174780487549e-03
4.065041644935263321e-03
3.242414392161663272e-03
2.682478220322082052e-03
2.310114912802418985e-03
2.056073683888826054e-03
1.885747151391115040e-03
1.761978390049989684e-03
1.664330668404545577e-03
1.590659853945908253e-03
1.539659358400058409e-03
1.503744580077182036e-03
1.477129954992051353e-03
1.457905211850629712e-03
1.441934110971487826e-03
1.423604487854390754e-03
1.408525762599310838e-03
1.395763676725891855e-03
1.385109377679327736e-03
1.374611878190989955e-03
1.360872337613727723e-03
1.352138616766751511e-03
1.344300384005236992e-03
1.338199984957100241e-03
1.331125341835104336e-03
1.327802781815989874e-03
1.324947073499060934e-03
1.321928286131424102e-03
1.318514171146034641e-03
1.314814002057573816e-03
1.311363207946669718e-03
1.308853469083715026e-03
1.307271851459290701e-03
1.305554407167619502e-03
1.304413492164258059e-03
