6.044244766235351562e-01
2.741033554077148438e+00
4.863318443298339844e+00
6.986135005950927734e+00
9.112448930740356445e+00
1.118824934959411621e+01
1.326087474822998047e+01
1.529308748245239258e+01
1.734266543388366699e+01
1.936848664283752441e+01
2.139799904823303223e+01
2.340713381767272949e+01
2.541183280944824219e+01
2.739853572845458984e+01
2.936843156814575195e+01
3.137219905853271484e+01
3.334724736213684082e+01
3.531672334671020508e+01
3.730796623229980469e+01
3.927631926536560059e+01
4.122465205192565918e+01
4.322614002227783203e+01
4.516404700279235840e+01
4.713799357414245605e+01
4.907062458992004395e+01
5.102143001556396484e+01
5.295581912994384766e+01
5.489225316047668457e+01
5.681891489028930664e+01
5.876838636398315430e+01
6.069537973403930664e+01
6.264125609397888184e+01
6.457816600799560547e+01
6.652267289161682129e+01
6.845190143585205078e+01
7.039539098739624023e+01
7.231248116493225098e+01
7.422221541404724121e+01
7.620300889015197754e+01
7.815035629272460938e+01
8.008189082145690918e+01
8.199708414077758789e+01
8.391327548027038574e+01
8.583559226989746094e+01
8.774530506134033203e+01
8.966050720214843750e+01
9.156750440597534180e+01
9.348335647583007812e+01
9.539178657531738281e+01
9.732383155822753906e+01
9.923225426673889160e+01
