6.022121906280517578e-01
8.844068765640258789e+00
1.719709825515747070e+01
2.561305308341979980e+01
3.398930287361145020e+01
4.238858795166015625e+01
5.070000624656677246e+01
5.898270654678344727e+01
6.721853375434875488e+01
7.552713847160339355e+01
8.381620907783508301e+01
9.219121098518371582e+01
1.004398527145385742e+02
1.087022712230682373e+02
1.170068206787109375e+02
1.252330353260040283e+02
1.334898755550384521e+02
1.417179708480834961e+02
1.500674016475677490e+02
1.583127884864807129e+02
1.665383398532867432e+02
1.748146345615386963e+02
1.830262780189514160e+02
1.912659268379211426e+02
1.995180373191833496e+02
2.077035038471221924e+02
2.158815209865570068e+02
2.240939795970916748e+02
2.322118501663208008e+02
2.404395904541015625e+02
2.485454564094543457e+02
2.567112400531768799e+02
2.648897075653076172e+02
2.730497326850891113e+02
2.812261128425598145e+02
2.895222907066345215e+02
2.976623291969299316e+02
3.059480621814727783e+02
3.141090376377105713e+02
3.222638795375823975e+02
3.304367513656616211e+02
3.385930781364440918e+02
3.467888693809509277e+02
3.549940531253814697e+02
3.631605949401855469e+02
3.713680679798126221e+02
3.795148534774780273e+02
3.877091269493103027e+02
3.958489577770233154e+02
4.040194127559661865e+02
4.121187453269958496e+02
