2.048290986658685142e-01
1.772058479537008679e-01
1.518343054194701836e-01
1.287768647775919817e-01
1.079031827316612180e-01
8.915295652286658878e-02
7.250818522834379110e-02
5.796738992376049282e-02
4.557369231861230219e-02
3.527113272048154613e-02
2.699346506324218353e-02
2.055527265565615380e-02
1.568766123546083691e-02
1.204064239118451951e-02
9.325912697931926232e-03
7.323813149469060590e-03
5.823086843065539142e-03
4.729677687464572955e-03
3.956666442718415055e-03
3.421745597734116018e-03
3.052718619642291742e-03
2.794692849533930712e-03
2.617302408452815143e-03
2.490941293103787757e-03
2.396453036794810032e-03
2.321966693443755503e-03
2.262166290734057839e-03
2.217411197534602252e-03
2.182842783327032521e-03
2.151695571569689491e-03
2.127224160972218669e-03
2.107372961177134130e-03
2.088951453913523437e-03
2.070928738021393656e-03
2.056315034224098781e-03
2.044132913511020888e-03
2.032453972049097501e-03
2.023834334522689460e-03
2.017779737457203737e-03
2.013035920242600696e-03
2.009456025632516685e-03
2.005512064044978615e-03
2.003498519741242490e-03
2.002737788529884710e-03
2.001843402808844985e-03
2.001265375781713374e-03
2.000508424032432231e-03
1.999800009116370347e-03
1.999404451908048941e-03
1.998797210831071425e-03
1.998387553840075270e-03
