6.178369522094726562e-01
8.959926366806030273e+00
1.735535788536071777e+01
2.582117819786071777e+01
3.423098707199096680e+01
4.270327615737915039e+01
5.101321649551391602e+01
5.941486883163452148e+01
6.777123117446899414e+01
7.601826333999633789e+01
8.424221658706665039e+01
9.249491310119628906e+01
1.007821793556213379e+02
1.090746099948883057e+02
1.174159936904907227e+02
1.256362338066101074e+02
1.337718861103057861e+02
1.419461355209350586e+02
1.501171345710754395e+02
1.582889077663421631e+02
1.664424412250518799e+02
1.745331177711486816e+02
1.826694290637969971e+02
1.907793278694152832e+02
1.989082205295562744e+02
2.070242991447448730e+02
2.151203367710113525e+02
2.232762525081634521e+02
2.313626158237457275e+02
2.395314285755157471e+02
2.476545500755310059e+02
2.558199663162231445e+02
2.639266114234924316e+02
2.720572171211242676e+02
2.801602573394775391e+02
2.883080861568450928e+02
2.964366855621337891e+02
3.045130479335784912e+02
3.127133691310882568e+02
3.208567414283752441e+02
3.290407981872558594e+02
3.371253092288970947e+02
3.453915853500366211e+02
3.535753371715545654e+02
3.617479712963104248e+02
3.698451890945434570e+02
3.779875178337097168e+02
3.861481115818023682e+02
3.942543125152587891e+02
4.024168045520782471e+02
4.106018767356872559e+02
