6.043822765350341797e-01
2.072844266891479492e+00
3.562391281127929688e+00
5.044308185577392578e+00
6.518815040588378906e+00
7.964865922927856445e+00
9.391199111938476562e+00
1.082135033607482910e+01
1.222639012336730957e+01
1.363910484313964844e+01
1.504025650024414062e+01
1.641016197204589844e+01
1.779751610755920410e+01
1.914606761932373047e+01
2.047754836082458496e+01
2.180272698402404785e+01
2.312877893447875977e+01
2.444266891479492188e+01
2.575196385383605957e+01
2.704099369049072266e+01
2.834206962585449219e+01
2.962955355644226074e+01
3.092714405059814453e+01
3.221634483337402344e+01
3.350397109985351562e+01
3.479117822647094727e+01
3.607984828948974609e+01
3.742453861236572266e+01
3.873865509033203125e+01
4.005170559883117676e+01
4.137719106674194336e+01
4.269196462631225586e+01
4.399677586555480957e+01
4.529767513275146484e+01
4.661368608474731445e+01
4.795205783843994141e+01
4.926878547668457031e+01
5.056768846511840820e+01
5.188395214080810547e+01
5.320914125442504883e+01
5.450937390327453613e+01
5.580110144615173340e+01
5.710522389411926270e+01
5.840938782691955566e+01
5.970607924461364746e+01
6.101381206512451172e+01
6.234580039978027344e+01
6.367357230186462402e+01
6.499066329002380371e+01
6.629987835884094238e+01
6.763340044021606445e+01
