2.048290986658685142e-01
1.772143902517200331e-01
1.518440444951920654e-01
1.287786165898978652e-01
1.078923394720732176e-01
8.911606941319405450e-02
7.244422869507616269e-02
5.788446884935183334e-02
4.546519021550921025e-02
3.513964756075438345e-02
2.683250056088581914e-02
2.035994356356241042e-02
1.543772107561380835e-02
1.173353663307352690e-02
8.951174394496774767e-03
6.839251013843750115e-03
5.246703529792284826e-03
4.085094182528337114e-03
3.264722985932166921e-03
2.700087008406626410e-03
2.322040598073726869e-03
2.062880509811293450e-03
1.883111703250506253e-03
1.756145916147033859e-03
1.671585694793975563e-03
1.605671184506718419e-03
1.561428538821019174e-03
1.524061659324615903e-03
1.493208603505991050e-03
1.467289830543450080e-03
1.446407894945878070e-03
1.430924241390130192e-03
1.416370281731360592e-03
1.404089416723763861e-03
1.395115087916565244e-03
1.386823269285741844e-03
1.378633654439909151e-03
1.372895955114472599e-03
1.369378089748352068e-03
1.364627758789538348e-03
1.360121596462704474e-03
1.356518806232998031e-03
1.353488433778693434e-03
1.351240179133128549e-03
1.349914614138469915e-03
1.348662698205771449e-03
1.347959565123346692e-03
1.347424302707622701e-03
1.347198934013249527e-03
1.346856396594375838e-03
1.346318249716205173e-03
