2.048290986658685142e-01
1.771807367649671505e-01
1.517954294313312857e-01
1.287336087257244799e-01
1.078472011263329478e-01
8.908262701470448519e-02
7.241975363058372750e-02
5.787290187936378061e-02
4.545384608263702830e-02
3.514326419190183515e-02
2.685443228710937547e-02
2.040913630207796814e-02
1.552273379820690025e-02
1.185163914851727895e-02
9.097554324398515746e-03
7.032793747384857852e-03
5.489801442763564410e-03
4.347407319528429070e-03
3.518359284498728812e-03
2.922349184245831566e-03
2.491051145398159861e-03
2.171425467395238229e-03
1.929297552351272316e-03
1.743753522760016494e-03
1.598473007788925315e-03
1.485496839336519770e-03
1.393853882291296031e-03
1.317318013889234862e-03
1.254940596027154243e-03
1.202824129620694293e-03
1.157563285858032032e-03
1.116892356151311105e-03
1.080624508460914512e-03
1.050290518605834222e-03
1.025499235140614473e-03
1.002457509059695440e-03
9.823337796888154116e-04
9.637774523412190320e-04
9.468492151540885970e-04
9.310766893690924917e-04
9.173126563268851896e-04
9.047455568520490488e-04
8.939517221620008058e-04
8.832944261314423784e-04
8.728361754890556767e-04
8.633096811365703616e-04
8.549762506788738392e-04
8.468667839167665079e-04
8.396205201677275909e-04
8.333676568952341768e-04
8.269538485308203235e-04
