2.048290986658685142e-01
1.772217803409148473e-01
1.518592781030747574e-01
1.288024285427127325e-01
1.079208181522517407e-01
8.915019271762503195e-02
7.248106544420807040e-02
5.791930864597816253e-02
4.549345707073371159e-02
3.515701002561399946e-02
2.684251988739561057e-02
2.036043418138433481e-02
1.543394334112235811e-02
1.172743497772898991e-02
8.935491632655612193e-03
6.826630060913885245e-03
5.239131286543852184e-03
4.063276522629166720e-03
3.234625118011535960e-03
2.669900537966896081e-03
2.297689976330730133e-03
2.044545701210154220e-03
1.877111278417942231e-03
1.757483811502424942e-03
1.671445647275504598e-03
1.612675168189525721e-03
1.566455757483709021e-03
1.531742373003908142e-03
1.505895566424442222e-03
1.487170994209918717e-03
1.471248345524145407e-03
1.459517465150383941e-03
1.450662283332349034e-03
1.442592096395856061e-03
1.435715779734891839e-03
1.430985273714213690e-03
1.423608202912873821e-03
1.417967330667124770e-03
1.413476273455671617e-03
1.410714701705728658e-03
1.408756725254534103e-03
1.406517591590272787e-03
1.404465830319168163e-03
1.403184847845295735e-03
1.402120031684717105e-03
1.401102821091626538e-03
1.400501692614852800e-03
1.400183137661770161e-03
1.399967888346509426e-03
1.399882982354938576e-03
1.399887826664780732e-03
