5.753469467163085938e-01
1.521124768257141113e+01
2.997124600410461426e+01
4.479157543182373047e+01
5.958646273612976074e+01
7.439004683494567871e+01
8.930304741859436035e+01
1.044287917613983154e+02
1.193030147552490234e+02
1.341067276000976562e+02
1.488972375392913818e+02
1.637178096771240234e+02
1.785680077075958252e+02
1.935620443820953369e+02
2.085077652931213379e+02
2.234591071605682373e+02
2.381906089782714844e+02
2.528207731246948242e+02
2.675124900341033936e+02
2.822159819602966309e+02
2.969717364311218262e+02
3.116651341915130615e+02
3.264548304080963135e+02
3.410881192684173584e+02
3.556909370422363281e+02
3.704685208797454834e+02
3.852307915687561035e+02
3.999393994808197021e+02
4.146199474334716797e+02
4.296251721382141113e+02
4.445947189331054688e+02
4.596896212100982666e+02
4.746938056945800781e+02
4.897502651214599609e+02
5.048569002151489258e+02
5.200252273082733154e+02
5.351138565540313721e+02
5.502158169746398926e+02
5.652766473293304443e+02
5.800668668746948242e+02
5.947924151420593262e+02
6.095271928310394287e+02
6.242012884616851807e+02
6.388817074298858643e+02
6.535467491149902344e+02
6.682484710216522217e+02
6.829124910831451416e+02
6.976308965682983398e+02
7.123197314739227295e+02
7.269889667034149170e+02
7.416796100139617920e+02
