6.075785160064697266e-01
2.717112302780151367e+00
4.820903539657592773e+00
6.896328449249267578e+00
8.960070133209228516e+00
1.102248549461364746e+01
1.313267016410827637e+01
1.523323774337768555e+01
1.728448319435119629e+01
1.933720016479492188e+01
2.136333870887756348e+01
2.336907196044921875e+01
2.540326118469238281e+01
2.739209079742431641e+01
2.936268591880798340e+01
3.138443255424499512e+01
3.338227272033691406e+01
3.535531401634216309e+01
3.732913780212402344e+01
3.928093242645263672e+01
4.125090742111206055e+01
4.320409631729125977e+01
4.516937351226806641e+01
4.713076329231262207e+01
4.905650997161865234e+01
5.097115492820739746e+01
5.290042376518249512e+01
5.481801581382751465e+01
5.674536991119384766e+01
5.867697048187255859e+01
6.060026788711547852e+01
6.251057553291320801e+01
6.442893409729003906e+01
6.635858821868896484e+01
6.826846027374267578e+01
7.017241406440734863e+01
7.208299994468688965e+01
7.399909758567810059e+01
7.592780208587646484e+01
7.786621975898742676e+01
7.977822065353393555e+01
8.168416523933410645e+01
8.361428737640380859e+01
8.553169131278991699e+01
8.742879343032836914e+01
8.932439732551574707e+01
9.124391126632690430e+01
9.317125797271728516e+01
9.513553690910339355e+01
9.707386255264282227e+01
9.901643395423889160e+01
