6.104586124420166016e-01
2.088364362716674805e+00
3.575695276260375977e+00
5.043977975845336914e+00
6.525605201721191406e+00
8.009485483169555664e+00
9.475367069244384766e+00
1.092378950119018555e+01
1.235525679588317871e+01
1.379341030120849609e+01
1.520195388793945312e+01
1.660374855995178223e+01
1.799075889587402344e+01
1.937553811073303223e+01
2.072697687149047852e+01
2.207225847244262695e+01
2.342654728889465332e+01
2.480026125907897949e+01
2.619764471054077148e+01
2.754917383193969727e+01
2.889852929115295410e+01
3.023348689079284668e+01
3.154576015472412109e+01
3.286703872680664062e+01
3.418609905242919922e+01
3.551650834083557129e+01
3.683378720283508301e+01
3.814910864830017090e+01
3.945563101768493652e+01
4.076321029663085938e+01
4.208838701248168945e+01
4.338146972656250000e+01
4.467975425720214844e+01
4.599618005752563477e+01
4.731563830375671387e+01
4.861327600479125977e+01
4.991238355636596680e+01
5.122470855712890625e+01
5.251932954788208008e+01
5.383162546157836914e+01
5.514987802505493164e+01
5.645695996284484863e+01
5.775693178176879883e+01
5.907042860984802246e+01
6.036442708969116211e+01
6.168366956710815430e+01
6.298505282402038574e+01
6.428713440895080566e+01
6.560488939285278320e+01
6.690266513824462891e+01
6.819889259338378906e+01
