2.048290986658685142e-01
1.772275452331086854e-01
1.518716744121775264e-01
1.288231948633438151e-01
1.079513593172123365e-01
8.919180653492730926e-02
7.253153765077513526e-02
5.798188232211032300e-02
4.557464817025902448e-02
3.526461662386282114e-02
2.698316895566676976e-02
2.054016625243093586e-02
1.566581619135831716e-02
1.201889817002665950e-02
9.297784495174710173e-03
7.263184816110879183e-03
5.755450332344480557e-03
4.663803126959464862e-03
3.899531092429242563e-03
3.371204595850940677e-03
3.016213751607210725e-03
2.778321248229076446e-03
2.595283790697067161e-03
2.459962405623628001e-03
2.365053297580743674e-03
2.298438013895065524e-03
2.245015580911058350e-03
2.201861241474034614e-03
2.162937792945740512e-03
2.131837103888756246e-03
2.105883670083130710e-03
2.080895841800156632e-03
2.060622086673902231e-03
2.047115072400629288e-03
2.033175370797835058e-03
2.018601743998260645e-03
2.008408693200181006e-03
2.000937099069233227e-03
1.993831096910980705e-03
1.988358776998211397e-03
1.983907463795731019e-03
1.980178683879785240e-03
1.976649965968135803e-03
1.974440777189556684e-03
1.973318097952869721e-03
1.972605652213132998e-03
1.971167061697087775e-03
1.970247901340371754e-03
1.968899543385305151e-03
1.967521426308849186e-03
1.966465149394025502e-03
