5.740978717803955078e-01
2.059010982513427734e+00
3.531643390655517578e+00
5.014596700668334961e+00
6.429737567901611328e+00
7.898374080657958984e+00
9.301492691040039062e+00
1.074932265281677246e+01
1.220147657394409180e+01
1.362955188751220703e+01
1.504233479499816895e+01
1.642918419837951660e+01
1.782017683982849121e+01
1.917510771751403809e+01
2.055227708816528320e+01
2.191083550453186035e+01
2.326661562919616699e+01
2.458658289909362793e+01
2.591468405723571777e+01
2.723680567741394043e+01
2.855821347236633301e+01
2.985548877716064453e+01
3.118270921707153320e+01
3.253482937812805176e+01
3.381885480880737305e+01
3.511405467987060547e+01
3.641965579986572266e+01
3.772104287147521973e+01
3.900526475906372070e+01
4.029986763000488281e+01
4.158662891387939453e+01
4.290161108970642090e+01
4.421856474876403809e+01
4.551624965667724609e+01
4.683525919914245605e+01
4.815507316589355469e+01
4.950600028038024902e+01
5.081824350357055664e+01
5.211312747001647949e+01
5.341878008842468262e+01
5.472394609451293945e+01
5.602860903739929199e+01
5.735324501991271973e+01
5.864181137084960938e+01
5.995091295242309570e+01
6.126227021217346191e+01
6.257478117942810059e+01
6.388633966445922852e+01
6.519819116592407227e+01
6.650565409660339355e+01
6.782364940643310547e+01
