2.048290986658685142e-01
1.772053001759559265e-01
1.518280685795616591e-01
1.287585703298645967e-01
1.078635447843225847e-01
8.908414581810575328e-02
7.241242482768939226e-02
5.785862254833773477e-02
4.544286695545451948e-02
3.512838878032198409e-02
2.684600744851195486e-02
2.040503053558495594e-02
1.552196500051650219e-02
1.188197725423378870e-02
9.169404712338291574e-03
7.147352890115143964e-03
5.659999258114112308e-03
4.578878785196138779e-03
3.823080195388683933e-03
3.311123901994506014e-03
2.967853698237377102e-03
2.731681628233673109e-03
2.569943888147463440e-03
2.457410496845113812e-03
2.370427508139982820e-03
2.300285285855352413e-03
2.247183721920009702e-03
2.204000803203598480e-03
2.165954216934551368e-03
2.137169173124675581e-03
2.108796709308080608e-03
2.083510749343986390e-03
2.066696248220978305e-03
2.051774804613160086e-03
2.035747499121498549e-03
2.023038458219161839e-03
2.009572588917762914e-03
1.997626126239993027e-03
1.984987924288361683e-03
1.975949747702543391e-03
1.970420190900767921e-03
1.965103665611422912e-03
1.959480693358273129e-03
1.952432826840322377e-03
1.946967441597280413e-03
1.941879420371606102e-03
1.935983027863130701e-03
1.931798856446675927e-03
1.929833258429880516e-03
1.927682235475458583e-03
1.926069925843876263e-03
