2.048290986658685142e-01
1.771808775783938472e-01
1.517937146309122909e-01
1.287282291400515533e-01
1.078368581579525198e-01
8.906825233998461044e-02
7.240233145557795069e-02
5.785241588409917313e-02
4.543497669237694936e-02
3.512530106218036963e-02
2.683715759394544875e-02
2.039205196797411190e-02
1.551196779837482609e-02
1.184562138860201230e-02
9.095091067138127983e-03
7.033388181298505515e-03
5.493577414654282620e-03
4.357873438493697904e-03
3.534796873054801836e-03
2.937761740895439289e-03
2.505410459207269014e-03
2.189988899772288278e-03
1.951133118723191728e-03
1.767735756970978400e-03
1.624923461918115208e-03
1.512276205403395579e-03
1.419007549316120276e-03
1.341412642432260327e-03
1.276601575796121324e-03
1.224527948238574027e-03
1.181719190810781583e-03
1.144449925106982846e-03
1.113308606136342860e-03
1.088113147886815568e-03
1.065076727797986678e-03
1.044381031931607140e-03
1.025001900984534586e-03
1.007079501789576170e-03
9.903077918238523125e-04
9.753354090662469389e-04
9.618981898142919817e-04
9.489316926760693605e-04
9.369621996597743419e-04
9.262818065280953306e-04
9.161759045923645317e-04
9.071933105815332965e-04
8.993539005359707517e-04
8.922792853240935074e-04
8.855239329932373948e-04
8.795106937498076149e-04
8.744532108266866999e-04
