6.095359325408935547e-01
1.460855722427368164e+00
2.158918142318725586e+00
2.869619131088256836e+00
3.589455604553222656e+00
4.290319204330444336e+00
4.988739013671875000e+00
5.663299798965454102e+00
6.329908132553100586e+00
6.964903593063354492e+00
7.604433774948120117e+00
8.206130266189575195e+00
8.809401988983154297e+00
9.419154882431030273e+00
1.003098416328430176e+01
1.065634703636169434e+01
1.122913408279418945e+01
1.177495288848876953e+01
1.231393694877624512e+01
1.284242510795593262e+01
1.339183259010314941e+01
1.391994643211364746e+01
1.442990064620971680e+01
1.493365764617919922e+01
1.544450831413269043e+01
1.595769548416137695e+01
1.647239685058593750e+01
1.697270274162292480e+01
1.752835226058959961e+01
1.806577634811401367e+01
1.856365776062011719e+01
1.909817433357238770e+01
1.959874749183654785e+01
2.009840130805969238e+01
2.063200259208679199e+01
2.111374545097351074e+01
2.162271690368652344e+01
2.215098381042480469e+01
2.265423226356506348e+01
2.317790603637695312e+01
2.368298244476318359e+01
2.419234228134155273e+01
2.470537328720092773e+01
2.522746753692626953e+01
2.574268198013305664e+01
2.625334882736206055e+01
2.678488254547119141e+01
2.727774357795715332e+01
2.777375602722167969e+01
2.830567646026611328e+01
2.879989147186279297e+01
