5.745220184326171875e-01
1.567977905273437500e+00
2.548449516296386719e+00
3.520058631896972656e+00
4.505439043045043945e+00
5.468425035476684570e+00
6.411656141281127930e+00
7.354636192321777344e+00
8.289119720458984375e+00
9.206979036331176758e+00
1.011944746971130371e+01
1.100641870498657227e+01
1.186838579177856445e+01
1.273918557167053223e+01
1.363802838325500488e+01
1.452506613731384277e+01
1.538646936416625977e+01
1.624713230133056641e+01
1.710765504837036133e+01
1.794292116165161133e+01
1.877744126319885254e+01
1.960522294044494629e+01
2.045907163619995117e+01
2.127893471717834473e+01
2.208484721183776855e+01
2.288182711601257324e+01
2.366938066482543945e+01
2.447688984870910645e+01
2.527066540718078613e+01
2.606082224845886230e+01
2.684750103950500488e+01
2.762178444862365723e+01
2.839490818977355957e+01
2.917157483100891113e+01
2.993501353263854980e+01
3.072620224952697754e+01
3.149076986312866211e+01
3.225469803810119629e+01
3.301501703262329102e+01
3.377815437316894531e+01
3.453081536293029785e+01
3.529321122169494629e+01
3.604813742637634277e+01
3.680728888511657715e+01
3.756552505493164062e+01
3.832468295097351074e+01
3.908386373519897461e+01
3.985827064514160156e+01
4.060594105720520020e+01
4.135335755348205566e+01
4.209519219398498535e+01
