2.048290986658685142e-01
1.771634647120663431e-01
1.517598479940716061e-01
1.286781162029910774e-01
1.077697466912468371e-01
8.898232928322613589e-02
7.229694446095891180e-02
5.772659841341010178e-02
4.528333254620520165e-02
3.494405851506598992e-02
2.662431215958349640e-02
2.013893552702938905e-02
1.520345108656329103e-02
1.146873453035368584e-02
8.634762671135831624e-03
6.475839498762070434e-03
4.835163137613562867e-03
3.610420616041665198e-03
2.716141692189921741e-03
2.079027165564184543e-03
1.627171721565900953e-03
1.300989204764846363e-03
1.061741447870190314e-03
8.811845017930863833e-04
7.369474997176439501e-04
6.228357875102119579e-04
5.341236154094985977e-04
4.607655382073971850e-04
4.016214332693834876e-04
3.521977735942982690e-04
3.102132413062008709e-04
2.747883541758255888e-04
2.450714154207389583e-04
2.200434852426269572e-04
1.994540083671836328e-04
1.807238047888404253e-04
1.627888134407839971e-04
1.432387151965031080e-04
1.247764539016316121e-04
1.076464127010012817e-04
9.259466017397244286e-05
7.873674839231625810e-05
6.746018327419278648e-05
6.016722610979741148e-05
5.577769201181581593e-05
5.363449548667631461e-05
4.914309919001880189e-05
4.168275444271785091e-05
3.407922303466648373e-05
2.810024032839919528e-05
2.212493291153805330e-05
