5.824429988861083984e-01
1.609979629516601562e+00
2.630867242813110352e+00
3.632618665695190430e+00
4.633306264877319336e+00
5.632224798202514648e+00
6.609268188476562500e+00
7.594815731048583984e+00
8.557295322418212891e+00
9.518737554550170898e+00
1.046534657478332520e+01
1.138642287254333496e+01
1.227826666831970215e+01
1.318764281272888184e+01
1.408843517303466797e+01
1.497893691062927246e+01
1.584769749641418457e+01
1.670960259437561035e+01
1.757122159004211426e+01
1.840228390693664551e+01
1.923815751075744629e+01
2.005377840995788574e+01
2.089784598350524902e+01
2.170453238487243652e+01
2.249786972999572754e+01
2.328531622886657715e+01
2.407623648643493652e+01
2.488469290733337402e+01
2.568099141120910645e+01
2.647524380683898926e+01
2.726533508300781250e+01
2.804538130760192871e+01
2.881944012641906738e+01
2.960030031204223633e+01
3.036992645263671875e+01
3.116236400604248047e+01
3.192843818664550781e+01
3.269341087341308594e+01
3.345023274421691895e+01
3.421610164642333984e+01
3.497110199928283691e+01
3.572184443473815918e+01
3.647124361991882324e+01
3.722988271713256836e+01
3.798198747634887695e+01
3.874315214157104492e+01
3.950210356712341309e+01
4.027491235733032227e+01
4.101785778999328613e+01
4.176296329498291016e+01
4.250560474395751953e+01
