2.048290986658685142e-01
1.772163501818795339e-01
1.518478719735867344e-01
1.287832090342817537e-01
1.078949989000648202e-01
8.911581870552254259e-02
7.243945297841491993e-02
5.787212948507658439e-02
4.544362840260873782e-02
3.510407705016405089e-02
2.678294990892027272e-02
2.029191135534347268e-02
1.534942305261211004e-02
1.162386583291663555e-02
8.807857688225340098e-03
6.658053787759854458e-03
5.021116736088515609e-03
3.801609771699077100e-03
2.926248786934593227e-03
2.315019478146496112e-03
1.900230124874724424e-03
1.611266008922029869e-03
1.410629959309517290e-03
1.277213543403377116e-03
1.178104252858247492e-03
1.104583655205715331e-03
1.050295814025048458e-03
1.012413785929311416e-03
9.847819573565175233e-04
9.634898622721266293e-04
9.455829534772419720e-04
9.308713102882393287e-04
9.140868284021053114e-04
9.031974643107787415e-04
8.934356068266424700e-04
8.855340420268476009e-04
8.764325169181574893e-04
8.692057264738650701e-04
8.630836051679580123e-04
8.574207993774507486e-04
8.520073014892659558e-04
8.489936201385717141e-04
8.459597395926721219e-04
8.433400627723131038e-04
8.411508200651951483e-04
8.393535982236244308e-04
8.380172198485524859e-04
8.366980524669997976e-04
8.343142790749880078e-04
8.323962096028481028e-04
8.307650963956803025e-04
