5.898447036743164062e-01
1.333819150924682617e+00
2.026539564132690430e+00
2.739752292633056641e+00
3.432102680206298828e+00
4.116059064865112305e+00
4.797627925872802734e+00
5.472537994384765625e+00
6.130390644073486328e+00
6.764473676681518555e+00
7.388127088546752930e+00
7.989228487014770508e+00
8.633548974990844727e+00
9.253908157348632812e+00
9.860606431961059570e+00
1.050343441963195801e+01
1.109252238273620605e+01
1.166817378997802734e+01
1.224012851715087891e+01
1.279477643966674805e+01
1.336187601089477539e+01
1.391861295700073242e+01
1.444730210304260254e+01
1.498556089401245117e+01
1.551754379272460938e+01
1.605606460571289062e+01
1.659659957885742188e+01
1.712892365455627441e+01
1.767765641212463379e+01
1.820692396163940430e+01
1.872245073318481445e+01
1.924897146224975586e+01
1.977660822868347168e+01
2.030067586898803711e+01
2.081610941886901855e+01
2.132959675788879395e+01
2.185371685028076172e+01
2.238711285591125488e+01
2.291226768493652344e+01
2.343293166160583496e+01
2.395867443084716797e+01
2.449520277976989746e+01
2.503330683708190918e+01
2.556379508972167969e+01
2.609913897514343262e+01
2.663070392608642578e+01
2.715679931640625000e+01
2.768214797973632812e+01
2.821264290809631348e+01
2.874551558494567871e+01
2.926769900321960449e+01
