6.207737922668457031e-01
1.398905038833618164e+00
2.120920658111572266e+00
2.850644111633300781e+00
3.565987110137939453e+00
4.277280807495117188e+00
4.981595993041992188e+00
5.678316116333007812e+00
6.365127563476562500e+00
6.985958099365234375e+00
7.602254629135131836e+00
8.195935964584350586e+00
8.799789905548095703e+00
9.414306163787841797e+00
1.000195050239562988e+01
1.061503028869628906e+01
1.117951560020446777e+01
1.173063731193542480e+01
1.226754760742187500e+01
1.278805232048034668e+01
1.331586527824401855e+01
1.383776736259460449e+01
1.433185410499572754e+01
1.483659219741821289e+01
1.533452105522155762e+01
1.583824658393859863e+01
1.634245824813842773e+01
1.684252953529357910e+01
1.735979104042053223e+01
1.785641646385192871e+01
1.834053516387939453e+01
1.883588099479675293e+01
1.933095073699951172e+01
1.982652354240417480e+01
2.031046009063720703e+01
2.079624128341674805e+01
2.128830218315124512e+01
2.178960800170898438e+01
2.228323292732238770e+01
2.277243137359619141e+01
2.327214360237121582e+01
2.377904582023620605e+01
2.428991007804870605e+01
2.478796362876892090e+01
2.529684019088745117e+01
2.580632281303405762e+01
2.630071163177490234e+01
2.679300951957702637e+01
2.728216910362243652e+01
2.777550530433654785e+01
2.826459622383117676e+01
