6.011745929718017578e-01
1.485029458999633789e+00
2.344695568084716797e+00
3.204306840896606445e+00
4.073484897613525391e+00
4.937882900238037109e+00
5.804911375045776367e+00
6.645613193511962891e+00
7.473402976989746094e+00
8.297377347946166992e+00
9.112866401672363281e+00
9.896633386611938477e+00
1.066586303710937500e+01
1.144812798500061035e+01
1.222785472869873047e+01
1.299298501014709473e+01
1.376284933090209961e+01
1.451943182945251465e+01
1.526223611831665039e+01
1.599679875373840332e+01
1.675121569633483887e+01
1.748322486877441406e+01
1.820830845832824707e+01
1.892944407463073730e+01
1.965346622467041016e+01
2.039238071441650391e+01
2.114044928550720215e+01
2.191170263290405273e+01
2.267245316505432129e+01
2.342744827270507812e+01
2.418566203117370605e+01
2.492412161827087402e+01
2.567736577987670898e+01
2.642181658744812012e+01
2.716419291496276855e+01
2.791330742835998535e+01
2.867255139350891113e+01
2.941790223121643066e+01
3.016798543930053711e+01
3.092242360115051270e+01
3.166772532463073730e+01
3.241467547416687012e+01
3.315525603294372559e+01
3.389736628532409668e+01
3.464584994316101074e+01
3.538330316543579102e+01
3.613353228569030762e+01
3.687644124031066895e+01
3.761594939231872559e+01
3.835081148147583008e+01
3.909562420845031738e+01
