2.048290986658685142e-01
1.777311596179060871e-01
1.527860018004503218e-01
1.300673057162384794e-01
1.094378648699603218e-01
9.084216561268476653e-02
7.427774224515815149e-02
5.978672296532749897e-02
4.737136946187092690e-02
3.702870511733635794e-02
2.867438823705015238e-02
2.217671285143296700e-02
1.725790776436042506e-02
1.356704726276802830e-02
1.079976762639489607e-02
8.719407675471302355e-03
7.170448076976754237e-03
6.040235642785773962e-03
5.256671252709566033e-03
4.732420511345480918e-03
4.371617666492966237e-03
4.125447640490165213e-03
3.960653454896601033e-03
3.854282363363381592e-03
3.775943107712009805e-03
3.719326227837882470e-03
3.675683216897596139e-03
3.638421477717201924e-03
3.608719781368563417e-03
3.587612646697380114e-03
3.570495139229024062e-03
3.556476503945305012e-03
3.545457883774361107e-03
3.536936514137778431e-03
3.530641258294053841e-03
3.523179536387033295e-03
3.516875123750651255e-03
3.512994186621654080e-03
3.510132316023373278e-03
3.509070098971278640e-03
3.507311048451811075e-03
3.504651714592910139e-03
3.502035164729022654e-03
3.500834697661048267e-03
3.498498816497885855e-03
3.495175189073052024e-03
3.493043793696415378e-03
3.491884472168749198e-03
3.490473521196690854e-03
3.489265241569228237e-03
3.488934806227916852e-03
