2.048290986658685142e-01
1.776093177204529638e-01
1.526457993149961112e-01
1.299677520796649333e-01
1.094329646962250990e-01
9.097563413661191589e-02
7.456196259681746596e-02
6.022693931572575821e-02
4.798568320347840199e-02
3.781731204162497306e-02
2.966487086177949095e-02
2.335801619210542412e-02
1.862332906785013620e-02
1.510985007917042822e-02
1.249600835444653057e-02
1.054132743274749373e-02
9.096646074340242194e-03
8.049760267567762639e-03
7.316715224078507163e-03
6.817068419763927523e-03
6.487399642651325848e-03
6.280148580373179357e-03
6.146682593424657171e-03
6.049718596017328309e-03
5.979482094261356906e-03
5.926723896180874362e-03
5.885487834319746980e-03
5.856086249082181894e-03
5.839340308398277557e-03
5.833062119819487634e-03
5.828283542740564371e-03
5.823039097862192648e-03
5.822051576529929662e-03
5.823284677290985201e-03
5.822290069573909932e-03
5.820224975508381249e-03
5.818879101724405700e-03
5.817182794004338575e-03
5.818325512933597565e-03
5.819914482032118030e-03
5.820064206517372440e-03
5.818732562261175190e-03
5.817643978275555128e-03
5.816931988732676473e-03
5.816842457392112919e-03
5.816639487846941847e-03
5.818962434972263509e-03
5.822257150072118748e-03
5.826725353330175494e-03
5.830015128282184378e-03
5.832383650528072394e-03
