6.044096946716308594e-01
1.305151700973510742e+00
2.020352840423583984e+00
2.718613147735595703e+00
3.415854692459106445e+00
4.106629133224487305e+00
4.792763948440551758e+00
5.445557117462158203e+00
6.119492053985595703e+00
6.759354352951049805e+00
7.412194252014160156e+00
8.063696146011352539e+00
8.717723369598388672e+00
9.388432025909423828e+00
1.001871323585510254e+01
1.063805460929870605e+01
1.126741099357604980e+01
1.189915442466735840e+01
1.253263235092163086e+01
1.316886925697326660e+01
1.378591322898864746e+01
1.440973806381225586e+01
1.504095101356506348e+01
1.566760301589965820e+01
1.628171467781066895e+01
1.690871906280517578e+01
1.753044414520263672e+01
1.813900661468505859e+01
1.876538848876953125e+01
1.938384175300598145e+01
1.998710155487060547e+01
2.059371137619018555e+01
2.120260357856750488e+01
2.183679389953613281e+01
2.243766951560974121e+01
2.304443693161010742e+01
2.366323995590209961e+01
2.427918982505798340e+01
2.489344954490661621e+01
2.552658176422119141e+01
2.614668321609497070e+01
2.676198720932006836e+01
2.739673089981079102e+01
2.801682257652282715e+01
2.863145041465759277e+01
2.925313997268676758e+01
2.986212682723999023e+01
3.045883417129516602e+01
3.107668900489807129e+01
3.170738649368286133e+01
3.234228205680847168e+01
