2.048290986658685142e-01
1.765357292379121645e-01
1.508877864253008738e-01
1.278643269938584126e-01
1.072863180702370300e-01
8.902114719921883079e-02
7.297045958102899021e-02
5.908696543428959558e-02
4.735807979068340501e-02
3.774313737721968209e-02
3.012718199806840857e-02
2.430552102214278420e-02
1.998173480387777090e-02
1.683084787737243460e-02
1.456214481686401996e-02
1.297334949185824371e-02
1.189279790423825034e-02
1.121494319295379682e-02
1.081778065963590052e-02
1.059666212586307665e-02
1.050219421904330375e-02
1.047229902178514749e-02
1.043512011892744340e-02
1.043081043189886259e-02
1.042716302617918700e-02
1.042715729454357643e-02
1.042754042919113999e-02
1.043489030598721001e-02
1.044386941703123739e-02
1.044924579218786675e-02
1.045268106281582732e-02
1.045309144319617189e-02
1.045487715600756928e-02
1.045740873996692244e-02
1.045706991317274515e-02
1.045578469893371221e-02
1.045261298804689432e-02
1.045311537927773315e-02
1.045531246199971065e-02
1.045592193167976802e-02
1.045521826927142683e-02
1.045531361978646601e-02
1.045575019088573754e-02
1.045476503350073472e-02
1.045041355428111274e-02
1.045021642130450346e-02
1.044928072042239364e-02
1.044938218001334462e-02
1.044884981274663005e-02
1.044806372919993009e-02
1.044845079923106823e-02
