2.048290986658685142e-01
1.775123244424321456e-01
1.525932297663530335e-01
1.300838728875532979e-01
1.098047350451452076e-01
9.166106603424850618e-02
7.560768961320718518e-02
6.165659561065695016e-02
4.981805234183411812e-02
4.004536787670076592e-02
3.227437566147273174e-02
2.633973249157861574e-02
2.196182013449288206e-02
1.879289174848963739e-02
1.650838406476395903e-02
1.486569325788877904e-02
1.366939264335087501e-02
1.282767108932603151e-02
1.226894404408085393e-02
1.189293662810086971e-02
1.164987163065234199e-02
1.152591810614467249e-02
1.144796871494691004e-02
1.140240741142406478e-02
1.137484120545195765e-02
1.135498477015062235e-02
1.134268796795367962e-02
1.132665789532438794e-02
1.132010920036918833e-02
1.132065832780426717e-02
1.131983416189541458e-02
1.131693073648420977e-02
1.131756152108209790e-02
1.131454013602706254e-02
1.131157152394735022e-02
1.130750034099037293e-02
1.130779074219390168e-02
1.130482871940330369e-02
1.130187409353311523e-02
1.129535292420769110e-02
1.129260214543137408e-02
1.129313002343224071e-02
1.129213183412502985e-02
1.129091178563612630e-02
1.129177006919235282e-02
1.129672615684285120e-02
1.130112885198286676e-02
1.130453960945487779e-02
1.130784438191767549e-02
1.130976014246698469e-02
1.131068692006920173e-02
