5.928318500518798828e-01
1.290543556213378906e+00
1.982013702392578125e+00
2.660433292388916016e+00
3.350554227828979492e+00
4.036915063858032227e+00
4.710031509399414062e+00
5.345871686935424805e+00
6.020044565200805664e+00
6.704465150833129883e+00
7.314230680465698242e+00
7.975662469863891602e+00
8.629524230957031250e+00
9.262654781341552734e+00
9.881800889968872070e+00
1.052647900581359863e+01
1.117509913444519043e+01
1.179052662849426270e+01
1.241994190216064453e+01
1.307408785820007324e+01
1.371196746826171875e+01
1.433402180671691895e+01
1.496791768074035645e+01
1.559473609924316406e+01
1.623186063766479492e+01
1.685326743125915527e+01
1.747578048706054688e+01
1.809863018989562988e+01
1.870698046684265137e+01
1.932862496376037598e+01
1.997885036468505859e+01
2.061597013473510742e+01
2.125076818466186523e+01
2.185519027709960938e+01
2.248301672935485840e+01
2.310186648368835449e+01
2.370757532119750977e+01
2.433050298690795898e+01
2.500248527526855469e+01
2.565489053726196289e+01
2.632728242874145508e+01
2.695455861091613770e+01
2.761143851280212402e+01
2.825638341903686523e+01
2.888802266120910645e+01
2.954393076896667480e+01
3.019322800636291504e+01
3.080977416038513184e+01
3.143956661224365234e+01
3.205957365036010742e+01
3.266940140724182129e+01
