6.143829822540283203e-01
1.324765205383300781e+00
2.074960947036743164e+00
2.764906167984008789e+00
3.489704608917236328e+00
4.214523315429687500e+00
4.922078609466552734e+00
5.602975368499755859e+00
6.252533912658691406e+00
6.920083761215209961e+00
7.570632934570312500e+00
8.222788810729980469e+00
8.880240440368652344e+00
9.514812231063842773e+00
1.013909840583801270e+01
1.078465485572814941e+01
1.141443991661071777e+01
1.204134082794189453e+01
1.266830444335937500e+01
1.329972481727600098e+01
1.394317173957824707e+01
1.457537889480590820e+01
1.520820093154907227e+01
1.582766199111938477e+01
1.644481945037841797e+01
1.708859181404113770e+01
1.771318864822387695e+01
1.836371874809265137e+01
1.901841330528259277e+01
1.965149283409118652e+01
2.029965567588806152e+01
2.092966222763061523e+01
2.155987167358398438e+01
2.220158028602600098e+01
2.283636355400085449e+01
2.346815466880798340e+01
2.410688638687133789e+01
2.476507997512817383e+01
2.537942171096801758e+01
2.604943180084228516e+01
2.667859578132629395e+01
2.729671001434326172e+01
2.792202281951904297e+01
2.854155063629150391e+01
2.921635460853576660e+01
2.985536670684814453e+01
3.047585964202880859e+01
3.108824110031127930e+01
3.171875882148742676e+01
3.234849166870117188e+01
3.297557568550109863e+01
