6.026380062103271484e-01
1.447538375854492188e+00
2.278038740158081055e+00
3.100604534149169922e+00
3.922901391983032227e+00
4.752255678176879883e+00
5.571244478225708008e+00
6.402960300445556641e+00
7.215645313262939453e+00
7.997238159179687500e+00
8.782216548919677734e+00
9.553133010864257812e+00
1.032453846931457520e+01
1.107642054557800293e+01
1.184822416305541992e+01
1.261305832862854004e+01
1.337122845649719238e+01
1.413682818412780762e+01
1.491166090965270996e+01
1.567878746986389160e+01
1.643972373008728027e+01
1.718199396133422852e+01
1.794118833541870117e+01
1.869829392433166504e+01
1.946229791641235352e+01
2.020895934104919434e+01
2.094892692565917969e+01
2.170284509658813477e+01
2.245362734794616699e+01
2.321063160896301270e+01
2.396307635307312012e+01
2.471759653091430664e+01
2.547150945663452148e+01
2.620915079116821289e+01
2.696426892280578613e+01
2.770211458206176758e+01
2.845029830932617188e+01
2.922600483894348145e+01
2.997599458694458008e+01
3.072722506523132324e+01
3.150015377998352051e+01
3.225348019599914551e+01
3.301152610778808594e+01
3.374371027946472168e+01
3.449502778053283691e+01
3.524025559425354004e+01
3.600176000595092773e+01
3.675098848342895508e+01
3.750238347053527832e+01
3.825974154472351074e+01
3.900771188735961914e+01
