2.048290986658685142e-01
1.776575309577310691e-01
1.527244653925663442e-01
1.300571626647979429e-01
1.095325914443492366e-01
9.108590403002381208e-02
7.467431538407254266e-02
6.034212561735330382e-02
4.810672895382595016e-02
3.795104195978638018e-02
2.981227191139623756e-02
2.352386096845293650e-02
1.879676908720284700e-02
1.529491514702385757e-02
1.268526608873798978e-02
1.074048760165169369e-02
9.300017041823593900e-03
8.257298782154975925e-03
7.511556418421605485e-03
7.015184965439402731e-03
6.690985559316686704e-03
6.473006440728568123e-03
6.328964628892208566e-03
6.236953849111159798e-03
6.176028503944053227e-03
6.132731035904726014e-03
6.105137898487100756e-03
6.079099669989318500e-03
6.060304471134259074e-03
6.048133714813275219e-03
6.038560729791697668e-03
6.029142972266754441e-03
6.019998189657371768e-03
6.009031462696157178e-03
6.003305489940657935e-03
5.998893428028395647e-03
5.993786488431851467e-03
5.990382120359072360e-03
5.987913475735240354e-03
5.985911054722237168e-03
5.984172871762893919e-03
5.980964292149337780e-03
5.978004947735371388e-03
5.977320456906909385e-03
5.976429322913645592e-03
5.974214628366780744e-03
5.974613463820332981e-03
5.973987665328195362e-03
5.972996261647267602e-03
5.971664514731855888e-03
5.970909352299713646e-03
