6.143100261688232422e-01
1.317564249038696289e+00
2.025997877120971680e+00
2.742211341857910156e+00
3.458433389663696289e+00
4.150994777679443359e+00
4.829931974411010742e+00
5.494427442550659180e+00
6.156036376953125000e+00
6.829544067382812500e+00
7.475795984268188477e+00
8.123419523239135742e+00
8.775823593139648438e+00
9.431995153427124023e+00
1.005868220329284668e+01
1.068915772438049316e+01
1.132347393035888672e+01
1.197407364845275879e+01
1.262938714027404785e+01
1.327614688873291016e+01
1.389643859863281250e+01
1.452485275268554688e+01
1.515908288955688477e+01
1.578169226646423340e+01
1.641626000404357910e+01
1.706308889389038086e+01
1.769205021858215332e+01
1.832986593246459961e+01
1.894331502914428711e+01
1.955877637863159180e+01
2.017193579673767090e+01
2.078978061676025391e+01
2.141493773460388184e+01
2.203494834899902344e+01
2.265229344367980957e+01
2.328897786140441895e+01
2.391328811645507812e+01
2.454025554656982422e+01
2.514613389968872070e+01
2.575155234336853027e+01
2.636294388771057129e+01
2.697400164604187012e+01
2.758823299407958984e+01
2.820188355445861816e+01
2.881421947479248047e+01
2.946008896827697754e+01
3.007747864723205566e+01
3.068178677558898926e+01
3.130380702018737793e+01
3.191500973701477051e+01
3.253956842422485352e+01
