2.048290986658685142e-01
1.766657526131893974e-01
1.510540401059188298e-01
1.280091028593233204e-01
1.073587649784712994e-01
8.899330164194907411e-02
7.284774757408740697e-02
5.887941306491484283e-02
4.708191956979135284e-02
3.740457655021600658e-02
2.973092619458839181e-02
2.384239394586984417e-02
1.944427202170118107e-02
1.621999920052985544e-02
1.387904545413221058e-02
1.220143346404256590e-02
1.103040622206208354e-02
1.021993355948325188e-02
9.697260818711583852e-03
9.373575079962392920e-03
9.168643333168802201e-03
9.043231628083958640e-03
8.970199643727028160e-03
8.928311549198042485e-03
8.907468409006469301e-03
8.890704597206422477e-03
8.878832749132925528e-03
8.869950960615824442e-03
8.865421245445759268e-03
8.852157094224821776e-03
8.840862296210616478e-03
8.836098637175382464e-03
8.835381625203808653e-03
8.841646335213226848e-03
8.846242641766366432e-03
8.847641800230121589e-03
8.847758055480881012e-03
8.852065388282426284e-03
8.854119494344558916e-03
8.854722454771035700e-03
8.857139760721111088e-03
8.855476795361028053e-03
8.852997599660739070e-03
8.850737705870415084e-03
8.847537036217545392e-03
8.847250455801258795e-03
8.847036744100478245e-03
8.847107441852131160e-03
8.847371119827585062e-03
8.846233536587533308e-03
8.844492690514016431e-03
