6.078116893768310547e-01
1.326110363006591797e+00
2.046717882156372070e+00
2.744696140289306641e+00
3.449094533920288086e+00
4.142180919647216797e+00
4.813574314117431641e+00
5.475093603134155273e+00
6.149498701095581055e+00
6.794657468795776367e+00
7.422437667846679688e+00
8.056530952453613281e+00
8.686004400253295898e+00
9.305321931838989258e+00
9.896421432495117188e+00
1.050605583190917969e+01
1.110226202011108398e+01
1.167523169517517090e+01
1.226177716255187988e+01
1.284084129333496094e+01
1.341921520233154297e+01
1.401696729660034180e+01
1.459787535667419434e+01
1.520046758651733398e+01
1.578878831863403320e+01
1.638874006271362305e+01
1.698458313941955566e+01
1.758344912528991699e+01
1.816577935218811035e+01
1.874883747100830078e+01
1.934379363059997559e+01
1.992055273056030273e+01
2.049520969390869141e+01
2.108206391334533691e+01
2.167707204818725586e+01
2.227376532554626465e+01
2.286049699783325195e+01
2.345520162582397461e+01
2.406268215179443359e+01
2.466182589530944824e+01
2.527027702331542969e+01
2.588135600090026855e+01
2.648296236991882324e+01
2.709104466438293457e+01
2.768750309944152832e+01
2.828338384628295898e+01
2.887117624282836914e+01
2.947486162185668945e+01
3.007173013687133789e+01
3.066761779785156250e+01
3.125710678100585938e+01
