2.048290986658685142e-01
1.776259796251906664e-01
1.527374175816476054e-01
1.302118129210612096e-01
1.098612575347033271e-01
9.162160770529226284e-02
7.545428809817167348e-02
6.133122021856252104e-02
4.924979333100054646e-02
3.918304910848746658e-02
3.106229898548917845e-02
2.475058023901510751e-02
2.001024947958285338e-02
1.651935753761790693e-02
1.396882445396840922e-02
1.209692536252759965e-02
1.073487462980438067e-02
9.747539165971375041e-03
9.061399096196964820e-03
8.597390296642970497e-03
8.290228076191397122e-03
8.094041268293494795e-03
7.967379947672270646e-03
7.890773485542013077e-03
7.846671980132668978e-03
7.825251114809361752e-03
7.813063205389880750e-03
7.808515542706118140e-03
7.813892803028466005e-03
7.824524865895909898e-03
7.839038757310845540e-03
7.858927930783465854e-03
7.871964150808707927e-03
7.882576847350719618e-03
7.891577791497184080e-03
7.896521115867471963e-03
7.904591325313958805e-03
7.915750078495875641e-03
7.927041742277651792e-03
7.934569340704911156e-03
7.939945835346406966e-03
7.945172154222746030e-03
7.950226520279102260e-03
7.957608462788812176e-03
7.965073132822908519e-03
7.969679223378989263e-03
7.975032459967223986e-03
7.980823398838765570e-03
7.984993011518781714e-03
7.988268797589626047e-03
7.992993997618214053e-03
