6.112840175628662109e-01
1.525141000747680664e+00
2.407223463058471680e+00
3.279017925262451172e+00
4.134047031402587891e+00
4.997779607772827148e+00
5.854649782180786133e+00
6.699746847152709961e+00
7.560541391372680664e+00
8.394977092742919922e+00
9.213464021682739258e+00
1.002098202705383301e+01
1.082021665573120117e+01
1.164177441596984863e+01
1.243120670318603516e+01
1.323430109024047852e+01
1.404304385185241699e+01
1.485954809188842773e+01
1.565676331520080566e+01
1.644762969017028809e+01
1.721826529502868652e+01
1.799595332145690918e+01
1.878784656524658203e+01
1.959266901016235352e+01
2.037984728813171387e+01
2.116782116889953613e+01
2.195684218406677246e+01
2.273224067687988281e+01
2.351537013053894043e+01
2.429439234733581543e+01
2.506851339340209961e+01
2.584381079673767090e+01
2.662123775482177734e+01
2.739253187179565430e+01
2.815502238273620605e+01
2.892186379432678223e+01
2.969366741180419922e+01
3.047642850875854492e+01
3.124341297149658203e+01
3.203145194053649902e+01
3.279977083206176758e+01
3.357210636138916016e+01
3.435890460014343262e+01
3.512993288040161133e+01
3.590086317062377930e+01
3.666496968269348145e+01
3.743766832351684570e+01
3.822856402397155762e+01
3.896438312530517578e+01
3.969002151489257812e+01
4.042913150787353516e+01
