2.048290986658685142e-01
1.776780275886267191e-01
1.526878658532950794e-01
1.299294382392872649e-01
1.092659969976921275e-01
9.065449148829429760e-02
7.409145318661103374e-02
5.959173403562090243e-02
4.717574554797465680e-02
3.683298177475080593e-02
2.850169124576495960e-02
2.202138857865065802e-02
1.711253787652822211e-02
1.342765677873103414e-02
1.064665433113987092e-02
8.534122514902264811e-03
6.952817974251956912e-03
5.809192129390794435e-03
5.003871630151479621e-03
4.450442772167662042e-03
4.081754323351560743e-03
3.840765172981264186e-03
3.676850564033884439e-03
3.567159449175960617e-03
3.491146751002816018e-03
3.443786360548983794e-03
3.409844479392631911e-03
3.383391221632336965e-03
3.365462394185669837e-03
3.353924185603318620e-03
3.344200795254437253e-03
3.339651630994922016e-03
3.335766830332431709e-03
3.330806166559341364e-03
3.324770972994883778e-03
3.318330459023854928e-03
3.313108712291068514e-03
3.307451821228823974e-03
3.301109389667544747e-03
3.296767897154495586e-03
3.292716814030427486e-03
3.289373297775455285e-03
3.287119476453881362e-03
3.286298329840064980e-03
3.284507651642343262e-03
3.284302415067941183e-03
3.285177421048501856e-03
3.285676410087035038e-03
3.287070313945150701e-03
3.288553826223505894e-03
3.289739002639180399e-03
