2.048290986658685142e-01
1.774688992845767643e-01
1.525251207967812661e-01
1.300111695536543266e-01
1.097242981823001173e-01
9.156966076352546224e-02
7.550566098052513553e-02
6.153892017846374074e-02
4.968124016977526480e-02
3.989955366068898002e-02
3.212149138289532857e-02
2.618371367771032965e-02
2.180684480299532879e-02
1.863241156206640881e-02
1.634875299532723147e-02
1.469733006342721637e-02
1.350919813467044150e-02
1.267163102829726995e-02
1.210148797872534487e-02
1.174485349747556029e-02
1.153838258960604435e-02
1.143873009914386785e-02
1.140249907712131971e-02
1.140297876372642349e-02
1.142603096104721772e-02
1.144769888651353540e-02
1.147656382636341732e-02
1.149879347303794930e-02
1.151762456265714718e-02
1.153897782387502957e-02
1.155970967374742031e-02
1.158751352522813249e-02
1.160847441860823892e-02
1.162166516951401718e-02
1.163222563081944827e-02
1.164232848168467171e-02
1.165033035977103282e-02
1.165569203294580802e-02
1.166307027597213164e-02
1.167158863972872496e-02
1.167952057403454091e-02
1.168701613278244622e-02
1.169518745882669464e-02
1.170263726453413256e-02
1.170999279383977409e-02
1.171630605858808849e-02
1.172156088523479411e-02
1.172576594944985118e-02
1.173057623327622423e-02
1.173581382317934185e-02
1.173931097218883224e-02
