5.746333599090576172e-01
1.268331289291381836e+00
1.935101985931396484e+00
2.626196384429931641e+00
3.326717615127563477e+00
3.969481945037841797e+00
4.601626396179199219e+00
5.218672513961791992e+00
5.840098857879638672e+00
6.456083774566650391e+00
7.046876430511474609e+00
7.662641286849975586e+00
8.264204263687133789e+00
8.852398633956909180e+00
9.456924915313720703e+00
1.004658794403076172e+01
1.063196420669555664e+01
1.121029067039489746e+01
1.178506731986999512e+01
1.237501049041748047e+01
1.296671199798583984e+01
1.354486131668090820e+01
1.411718034744262695e+01
1.468838810920715332e+01
1.525947022438049316e+01
1.585881495475769043e+01
1.644411468505859375e+01
1.702586483955383301e+01
1.760426545143127441e+01
1.819213628768920898e+01
1.877310347557067871e+01
1.936090278625488281e+01
1.992265796661376953e+01
2.049888849258422852e+01
2.107433366775512695e+01
2.166164183616638184e+01
2.225913214683532715e+01
2.286532521247863770e+01
2.347562241554260254e+01
2.406940698623657227e+01
2.467198777198791504e+01
2.527306485176086426e+01
2.587251043319702148e+01
2.649593281745910645e+01
2.710588717460632324e+01
2.772000741958618164e+01
2.830919170379638672e+01
2.892600226402282715e+01
2.952730107307434082e+01
3.014284896850585938e+01
3.075177931785583496e+01
