2.048290986658685142e-01
1.776841871223950875e-01
1.528354587348985660e-01
1.303538201459559787e-01
1.100463537254654511e-01
9.184442697869599215e-02
7.569511401743511669e-02
6.158320494159852387e-02
4.950265801653586095e-02
3.943854053522954928e-02
3.130848958699061768e-02
2.497844904291923740e-02
2.021385628358984832e-02
1.671189589796995278e-02
1.416522675685882859e-02
1.232691071959379769e-02
1.098704416205009693e-02
1.002403410166152753e-02
9.351114736091403756e-03
8.887514866728452034e-03
8.589945040284874267e-03
8.397879372864736069e-03
8.262459892875995138e-03
8.161771010236407164e-03
8.095538286852388410e-03
8.055019491791881592e-03
8.024539694986287941e-03
8.006284877353664342e-03
7.988947695309889241e-03
7.977639373564215930e-03
7.965217323260276316e-03
7.952603351839115930e-03
7.944449571141376509e-03
7.935962393617046473e-03
7.924853440727019915e-03
7.917626206335626193e-03
7.912565400260973547e-03
7.906786843705049250e-03
7.901551330860456801e-03
7.898353153109383129e-03
7.894748365174564242e-03
7.889912471114257642e-03
7.889892237699314137e-03
7.886271922757259745e-03
7.884789002105208056e-03
7.882620165560183523e-03
7.882866240038310934e-03
7.884639913299906766e-03
7.885804626766912406e-03
7.886435849400186271e-03
7.887708114367342205e-03
