6.075956821441650391e-01
1.460225820541381836e+00
2.291729211807250977e+00
3.122970819473266602e+00
3.947887897491455078e+00
4.762844085693359375e+00
5.577991962432861328e+00
6.383684158325195312e+00
7.196145057678222656e+00
7.992147684097290039e+00
8.774420261383056641e+00
9.576436281204223633e+00
1.037740159034729004e+01
1.116985845565795898e+01
1.198031473159790039e+01
1.276735329627990723e+01
1.354186034202575684e+01
1.433507776260375977e+01
1.512357139587402344e+01
1.591722321510314941e+01
1.671532678604125977e+01
1.749460721015930176e+01
1.827162432670593262e+01
1.906610083580017090e+01
1.985978698730468750e+01
2.063213324546813965e+01
2.140066337585449219e+01
2.219174528121948242e+01
2.296669292449951172e+01
2.376248669624328613e+01
2.456500124931335449e+01
2.533894634246826172e+01
2.612696862220764160e+01
2.691688871383666992e+01
2.770047211647033691e+01
2.847319412231445312e+01
2.925314927101135254e+01
3.002722048759460449e+01
3.080006718635559082e+01
3.157888960838317871e+01
3.234288835525512695e+01
3.313455653190612793e+01
3.389426994323730469e+01
3.466011905670166016e+01
3.542519021034240723e+01
3.620007371902465820e+01
3.697961783409118652e+01
3.773855185508728027e+01
3.850373959541320801e+01
3.927253770828247070e+01
4.005574870109558105e+01
