model:
  d_model: 16 #32 #8
  activation: 'gelu' # 'silu'
  dim_feedforward: 128 #16 #32
  dropout: 0.2653607457145491 #0.1073617781434152
  n_head: 8 #4
  num_encoder_layers: 2 #2 4
  mask_threshold: 0.2
  mask_region_bound: 0.1
  ratio_highest_attention: 0.3 #0.1
  output_head:
    reduced: True
optimizer:
  beta1: 0.8027939356809558 # 0.8617949433117824
  beta2: 0.9586682781676634 # 0.9290826798040532
  weight_decay: 0.0001199330273052216 #0.0002677700972589832
training:
  learning_rate: 0.002046801855976924 # 0.0015574486594428344
  batch_size: 128
loss:
  lambda_contrastive: 0.5

