model:
  d_model: 128 #8
  activation: gelu # 'gelu' 'silu'
  activation_cls: relu
  activation_masking: elu
  dim_feedforward: 32 #32
  dropout: 0.01307757362111658 #0.1073617781434152
  n_head: 8 #4
  num_encoder_layers: 4 #2 4
  mask_threshold: 0.3930083840046047
  mask_region_bound: 0.2
  ratio_highest_attention: 0.1 #0.1
  output_head:
    reduced: false
optimizer:
  beta1: 0.9758377470076042 # 0.8617949433117824
  beta2: 0.9876959670980976 # 0.9290826798040532
  weight_decay: 0.0004137601277510277 #0.0002677700972589832
training:
  learning_rate: 0.0007026025206181347 # 0.0015574486594428344
  batch_size: 32 #16
loss:
  lambda_contrastive: 0.5

