model:
  d_model: 128 #8
  activation: selu # 'gelu' 'silu'
  activation_cls: selu # 'gelu' 'silu'
  activation_masking: gelu # 'gelu' 'silu'
  dim_feedforward: 128 #32
  dropout: 0.010131391128967304 #0.1073617781434152
  n_head: 8 #4
  num_encoder_layers: 6 #2 4
  mask_threshold: 0.26759710647607443
  mask_region_bound: 0.05
  ratio_highest_attention: 0.1 #0.1
  output_head:
    reduced: false
optimizer:
  beta1: 0.8055974344053918 # 0.8617949433117824
  beta2: 0.981779546025488 # 0.9290826798040532
  weight_decay: 0.00003394796467903399 #0.0002677700972589832
training:
  learning_rate: 0.0001503486454775518 # 0.0015574486594428344
  batch_size: 32 #16
loss:
  lambda_contrastive: 0.8722720763937184

