model:
  d_model: 128 #8
  activation: tanh # 'gelu' 'silu'
  activation_cls: silu
  activation_masking: elu
  dim_feedforward: 8 #32
  dropout: 0.02477375534318692 #0.1073617781434152
  n_head: 8 #4
  num_encoder_layers: 6 #2 4
  mask_threshold: 0.1248824396157463
  mask_region_bound: 0.25
  ratio_highest_attention: 0.1 #0.1
  output_head:
    reduced: false
optimizer:
  beta1: 0.9175190255011112 # 0.8617949433117824
  beta2: 0.9905289080367816 # 0.9290826798040532
  weight_decay: 0.00016095362991484007 #0.0002677700972589832
training:
  learning_rate: 0.0005404972432745884 # 0.0015574486594428344
  batch_size: 32 #16
loss:
  lambda_contrastive: 0.8188451395862962

