0.3742791622709496 -1.7122888552017612
0.9394196190935518 1.89399628392232
0.2743392340109116 -0.7495396069778262
1.1416166313584812 0.106407444880193
1.4802306117049076 0.12337884578213396
-0.9021428563051915 -0.34696261429639863
-0.4461163514851758 -0.1620608459093738
-1.5868181018120289 -1.4240081717185857
0.34538778078261506 -0.007337074117215539
-0.21133638489177764 0.39773415192254463
0.8518322502333404 -1.376613025997029
0.045224268968695046 0.4623142943619136
1.6213627652813998 -0.9088308673680883
-0.15304313422687105 -0.4012811162814693
-0.455974491058168 0.6871568621490711
0.22093627649472922 -0.5098560715139163
-0.23133456720968482 -0.9374170242739032
0.10004769080072494 -1.2181897372576982
0.7922155543543591 -1.7923000152431174
-0.3514143673185419 -1.230536876989988
0.25303360031027394 0.6662123047805774
0.927649432284121 -0.8078240965163944
-2.1952153078112278 0.2679928797496738
-2.0022979992752803 0.24363699910296682
1.4113289519803323 -0.7695669646300533
0.6141525049446148 1.1766086625724461
0.41952639237901973 1.377050412671866
-0.256540769641718 -1.7241449048890243
1.3961100586556983 0.15585813944082744
-1.6511219144862144 0.3066078131710812
0.7549881118423628 -0.6165689871714215
0.28547448710764806 -1.1486280754681453
-1.3557874239623566 -2.280219041308716
-0.5052640413589504 -0.19348217502728554
-0.7826648225116773 -0.7604940016165994
-1.0994468826249602 0.08507664554408637
0.6778714900153446 -0.007883072896127363
0.3292281806279652 -0.9951465377886691
1.128231024267013 -0.0612627583407768
2.197929699130321 0.1853098104116675
-1.2594935425705966 0.768239953348389
0.06795819964174073 1.7014114263136375
0.9878315627109592 -0.5063931197147148
0.200299260385968 0.9281633904842325
0.036550753245945554 0.6478040576207174
-1.07105700279503 -0.13858701608460114
-0.09137000568068226 -1.0594979765850814
-0.1400133252098349 -0.013643164401793851
-0.7622342720105448 -2.3086428296317965
-1.5662700279922415 1.0937046100336847
-0.3684871929039991 0.003560719150160848
0.44206311302892637 0.13838870531146355
0.792263085929848 -0.6553536656451164
0.32045176006172627 -0.24213529768779887
0.8932947144357803 1.2882888131696202
0.13537668604773148 0.06445995321682385
-0.4557986924174432 0.037147032574506966
-0.5761370808564258 0.3530547290401558
-1.3199845373279109 -0.3232127632196462
0.977541939345874 -0.3135717850627756
0.5288442333938559 -0.03249528274602453
1.5701076063912487 0.22335525121782646
0.15728058441682566 0.6470831908396079
0.5026912631390144 1.1655271831393381
0.24401259769467373 0.08128766520676986
0.3192661932539454 0.8542074392571855
1.9139133422746388 -0.2905462074356145
-1.1969030678511503 0.9636807602660775
-0.8365856575987964 0.07642335972449066
0.4553391944823212 -1.2582482169238989
0.18079621095774925 1.1187524071945534
-0.8913384517647549 -0.41351497867380976
-0.7699442724248291 0.4802476637931301
-1.235253607038232 -1.0427845512361078
-0.662713567541066 1.9081181558399418
-0.8096522756471465 1.6510330218242355
0.18944068103818842 -0.7941845160416352
-1.2846849322511453 0.005512509474312434
-0.9590168111684896 1.178740352621388
1.5015213191571517 -2.0443442589461323
-0.3818115059892488 0.13899224228421903
0.7108550131664237 0.25099004194917535
0.13875843945210706 1.3520364943887933
1.2652978679480533 -0.9115845327784526
-0.0669005394168901 1.6585281648584473
0.2074139169742306 -1.073370642762483
-0.4818871650692934 1.6676441110941287
1.3424368087119634 1.5033803853606953
0.6074255358152945 0.6290712166447741
-0.7111746317633862 -0.6534425014283711
-0.8341752712261117 -0.9694734398061322
-1.2998848162592225 -0.7036543041393092
2.308148847362825 -0.09133342239145056
-0.3176707214310534 0.9827579738227359
0.7364716580636771 -1.9651542852194066
-0.7181518756248584 0.13419599180728825
-1.2306712706401537 0.9882023559870428
0.7449489511450189 -1.385596457126724
-0.8600502457653963 -2.1481035559510144
-0.12274798668209339 -0.09256276669543895
-1.8875262934243764 0.7412716647565447
0.16591410105637677 -1.8307600462619988
1.196327779643576 0.7231422477496879
-1.4176890962580089 1.1930605629101718
-0.22413500389270696 -0.21566933435396984
-0.24618712770035503 0.20281192092752512
-0.48774150813654266 0.6177996628665392
0.6873474454724326 -0.6754843654159647
-0.5483817097013306 -1.6905169649282463
0.44380951642090877 0.45170401791050974
-0.5387323095646752 0.30074488754483525
-0.19587106723499317 -0.36811896136315014
0.5622750973874013 0.6499198412438781
1.201627836230703 1.2379340706417385
1.2742157496862423 -1.9370995569548788
-0.018566238937052382 -2.1147057521652926
-2.239442975248224 -0.8256031202063717
0.8481586979955734 -0.26730126392586195
0.507288948480971 -1.1145095109409098
-0.36600457909804496 -0.41932137624434435
1.4898714684738195 0.36162679147743343
1.0208777130462197 0.17959692262602706
-1.9639299174207459 -0.35481661281815463
0.09126292443165471 -1.1526475267180436
0.43431439669342875 -1.0107550180484692
-1.0704047338271416 -0.0891171270821861
0.7688793753631604 -0.1712313350583278
1.2599596028594802 0.30305068355966924
-0.6404648933675284 0.7982343113655527
0.5122903581473934 -0.8239247482676881
1.8109376364535978 -1.1149349614828736
0.06583475546636638 0.08446954916333357
0.977994328807888 -0.658731313728031
-1.1734493410489057 0.14943928809273616
-1.859363769890147 -0.14900522448517833
0.6740514545056357 0.6331463419410255
0.15104443274878443 1.9570251428886007
-1.088820180613528 0.2417445304732077
1.0621812783017655 -1.1039003455376306
-0.7039943190681682 2.2676011917378065
1.3665775585725433 0.10022167624546052
-0.20631497660625184 -0.219989176901166
0.1720606085691428 -0.8150045422161053
-0.7477197321088631 1.9997486444430703
-0.6210245803665356 0.42738387694882385
-1.2254280058993885 -1.16116925712829
0.5378769033127931 1.229243061241578
-0.7144686151164314 -0.07211315272331609
-2.7120572501311053 -0.3567650462502959
-1.7915407030081554 0.32727119509475217
-1.5997079725606664 0.23331598983695978
1.01675990380295 -0.7456078049420497
1.5953197871953269 1.3862767513715546
0.864186025036673 -0.14764027693097767
-0.980566166691379 -0.8305110197823378
0.11540914990693696 -0.10166128853247049
-0.8987542025150556 1.354468366072092
-1.8229942930459155 0.9114147915497604
0.5755831131170084 -0.40642607610180953
-0.2561264524535841 -0.5227264893466459
-0.5275780476529166 -0.06426880959189056
-0.2566308112241934 1.2487467115637252
-1.2834855894354273 -0.3623283737434337
0.27283990200846103 -0.3717384443080644
0.6651013336186886 -0.45466249490158067
0.152241858050802 1.3921528674041852
-0.11239301186904695 0.5834228019683085
-0.5758336198395575 -0.6721839240887073
0.5705730332653773 -2.1555940363179316
-0.26821107592039745 0.275862336871437
1.4891964329418603 0.8792119326763154
2.2296081378017454 0.0914132408508004
-0.4859489982056015 0.22719417669843986
-0.9465682670466902 0.2503859269724836
-0.5810990306494843 0.3921924263742523
1.3450956953642046 -1.2469454371371262
0.08429422583931241 0.8052084637887319
-0.44540034829345815 -0.684278202363759
-0.5743858982187531 -0.2717317392748465
-0.7785741600066931 -1.2895321819262222
-1.363727323336919 0.24405763678979622
-0.42438810503926466 0.7710830305128044
-1.5468360317072605 0.7264647415250557
0.15107515238612992 -0.057078462390301045
0.47644604986959616 0.7615116958844665
0.9258791132719868 -1.3425557879773709
-1.654385200447467 -0.9442831423649471
0.5629532747331952 1.7020613149272439
-1.2236245902792133 1.4851487303305644
-0.30636031153899235 1.1396396315243094
-1.1727265918990073 -0.20298649869823185
0.18160767640915046 -0.6759770330593889
0.209507031844367 1.0877771801310832
-1.1317586109228899 -0.8765664777630087
-0.4969734615601646 0.1268252488522938
0.517300574951544 1.9649205706938
-0.7365955998685985 0.5621915365214442
0.14450370790459344 -1.0100782393823835
-0.17913312782996688 -0.6107661084378566
1.3268922828704734 0.05376024908063497
0.3526125455225923 0.5478478726629009
-0.07950703887636999 -1.017254240199036
1.2968505089032376 1.4018027403571987
-1.0943274955203166 -0.665777569126335
0.9450088005375678 1.6923183342612353
0.1967207041577591 0.46561846571415016
0.151061693837423 0.626060209714815
-0.8498921109782278 0.04337712575436159
0.8743472065232941 -1.2724482956785421
1.0742074819366019 0.15465327368953688
-1.2428182859551167 -1.416970690712515
-0.5027613683717458 1.1065871609642697
0.63469106051199 -0.27922685954538545
1.3321232955753366 -1.616300735853765
0.027707261905944296 -1.136826310142527
-0.9496968107600877 0.5083653940188951
0.23133949343947735 1.3226007211041368
0.054980554887519587 0.20748778589816722
-0.5622348126905469 0.14601458768004644
-1.3187818404508644 1.1285649526749484
-0.15024385035192445 -2.7626202142562915
-1.3376509530407057 2.833481346428496
0.34958948073170387 1.861000050090126
1.1761008106942268 0.33651028986701753
1.247626930451557 -0.12486897664084107
2.219187687790705 0.4171899420136406
3.0633911646533103 0.9137655323570695
0.3616616630116633 -0.6110918074859314
-0.3888575046845757 0.8237071547678655
-0.24130669165200344 0.4126780688047234
-0.19766466234834784 -0.14976193025091844
-2.1426558194717433 0.8215328477721273
0.07938074211629495 -0.7653371170328815
0.3671178276785654 -0.7322342960833169
-1.4122423055016013 -2.0014696831530374
0.06654041069575119 0.02697849163655128
-0.3465994873128828 0.5691332626107606
0.5873369590443934 -0.8912179552222341
-0.1761112413655174 1.2802166068983416
-0.628362891019437 0.7842164119835598
-0.46319133532310464 1.239205437321999
0.8415538327871088 -0.6475639672400848
-0.8513936287717326 0.3337041429102733
0.30087542250171795 1.5229185433022019
-1.3525590444744202 -0.960138493537045
0.019190237358743464 0.5153219434238122
1.1661150922455563 -0.5110861205803284
-0.5433133716699668 0.6031250034553957
-0.7095124236140777 1.4943491444745665
0.6324115952374408 -1.0809491276788723
-0.9710106205700567 1.8333538673973826
-0.2955128209381071 0.7054375718704221
1.10233371543674 -0.23169082805248162
1.974372775605104 -0.7595761268514807
-0.9852801969221245 -2.732367426777659
-0.7781616500489014 -0.44553572933124314
0.4722205045930731 0.6662983732780858
2.4682927312662657 -0.26271321035441897
0.27680094285513296 -0.34478402180370127
-0.43418418249841867 1.1974865682923517
0.2977724207604311 0.3115441975193858
-1.4690883995623496 0.8877495235624492
0.2312332790252162 -0.9123165270177627
0.8680686861669091 -0.29637020140299547
-0.2974931257493267 0.5789461482460816
-1.1744528723423382 -0.6299581018198911
-1.1411806776607203 1.2791399613313774
2.178900424858323 -1.7627008733735952
-1.134844701565541 -0.9279239406687564
1.08026862067234 0.8204321541819897
0.1294829124881477 0.5003250092566957
-1.1428527582327364 1.6237463851955887
1.386922228702953 -0.7222575369820504
-0.539674979093043 -1.6338434751998492
0.4797362252673416 1.225226781031218
-0.04007031434832185 -0.36355125154377194
-1.680879560584006 -0.5105292026123558
-0.229091982655238 0.9572844477570221
1.7615291982615877 1.5055455655589722
1.826788374725985 0.9786935056509607
0.946039350465748 -0.02530149251778458
0.44039556636662636 -0.7036705976119543
1.149602489210742 0.9523488211698421
-1.4592353904452504 0.5446778723997783
-0.921934800244953 -1.071471870214931
0.5846720758818708 0.0672916299030663
-0.25953462918994125 0.29215462103529627
-0.05970384356657202 0.46602952744435977
0.291885125822395 0.18672101591725254
0.14085621702142195 0.33600160545173746
-0.8482929165587735 0.03241969968977697
-0.016425059727600173 -0.04944304729960585
-0.5110636771804081 0.4229733898555767
2.597118928449362 0.3472115200048386
-1.2665854810811403 -0.7880404939273157
-0.28977275776527167 -1.2477202694405276
0.33473191693506865 2.006459198340113
-0.3822198615398073 0.23207025544259774
-0.5128427765579898 -0.12254733212192538
1.1485228655524955 2.305393360918395
-1.1220429607141862 1.0425474890886293
0.36345380892792806 0.5189319954357974
-0.45250847048289344 0.34583885482037774
1.268932294557678 0.16451752735807285
-0.4356255171610873 0.4466839091878113
0.17994816817232384 0.3841134817963877
-1.6433776333618246 0.06891531515230723
1.5924912543407141 -1.0066158476317717
-0.5184939106080025 0.46107786758201935
-0.006282502177104994 0.9086032049397976
-0.7983612655835025 1.187872512118048
-1.1966744011015376 0.6066741254724862
-0.09013658433644273 -0.39942394596176795
0.367693362128005 -0.3212168783411398
-1.8680878436837827 -0.2097924516833406
-0.8317175003104946 2.226622025086802
-1.1949018216333924 -0.25698288300360567
0.8006128014316619 0.40036008224578934
-2.0033177699063147 -1.3607864372107072
-0.30823778122713463 0.6394891754308716
-0.28236223927744203 0.17488473709552982
0.3770126352462277 0.13139273130422402
0.8856128925722956 1.2789333824585438
0.88914926964741 1.6796286273596186
-0.8674986867606014 -1.6200120107368567
0.43685177890308935 -0.11501730518931381
2.115460213451533 -0.15256529857660533
1.3642600592753111 -0.41028655177579937
1.3040242919346023 0.03852189150488105
-0.8151737620130388 -0.851942006506453
-0.8671011741355057 -1.7916673923911748
-2.1111924714491983 0.8365545238691173
-0.4731806483768801 1.3062724839993263
-0.11495295314855505 -0.5233932685076419
-0.6353157573824757 -1.5650928497302632
0.9482539975338129 -1.5362590553777333
0.309118143368865 0.6706948128795279
-0.45735229258111965 -0.4416331050425459
0.7500170187553838 1.1123532839666248
-1.934415559127961 0.06735409168801833
-0.10251675149535819 1.6270002543639486
-0.9696320191097749 2.1404972506932154
0.11920875972434253 -0.9660262113819609
-0.7320428648090342 0.8216591987461924
-0.96006584982317 0.4098171452682282
-0.313878414687835 1.1845109710519914
1.0697609302275115 -0.7342984426827398
0.17910244370206002 0.7738170750960515
0.04553262642917092 -0.11776084575921864
-0.974985710607201 -0.28474258064304303
-0.4816935678461828 -0.6046625796060657
-0.8240254369803865 -0.20040503334925017
-1.408810150320835 0.17073036230976765
-0.9390059888709417 1.13714986708327
1.1353776773299469 0.5554229688112808
2.2165239056725348 -0.680022161156027
1.3197086202046446 -0.28589601288701205
-2.685530723714463 -0.15714773574356017
-0.26595680745744943 -0.44181638732319095
3.0131415748471984 -0.509861800358407
0.4869003175058343 -0.10263010920396522
-1.3581246439804189 -0.012131564719024409
-0.39911639278503513 -3.2454063744939305
1.0554961992441367 0.8602287696475995
0.4410210366783134 -0.7468117967329873
0.6127212175493577 0.6699486915195694
0.2388632836921548 -0.2079445755724624
-0.8338913025809492 -0.3675273325101573
-0.8954114793109949 1.3206115859061436
-0.7897358771729077 -0.747444844574468
1.0810186862648328 -0.9676869400940181
0.9868859371212899 1.4286759014366677
-1.2832219437262067 0.6216779994388625
-0.19639616885155756 2.0114950207166227
-1.014360280638395 1.1002654836555195
-0.18548522006638993 0.7948134852829073
0.537347563697533 -0.13164881411435098
-1.0358149418473341 0.6409621611784881
0.24794018576896132 -0.8489138657162345
