-0.09788361112587046
-0.14087494453321073
-1.038719548303847
-1.0181025954135463
-0.16800183215884093
-0.13101045949798545
-1.0849077746589504
0.650463665868633
0.22142047763247188
0.1413744674107394
-0.4019769758382847
-1.4835205221037735
1.0648433866946103
0.5271683642664885
0.895809560804218
0.8595693786903986
-0.9053555824090731
-0.09805462854163896
0.6664750942648615
0.22256720138774386
0.456857766985923
0.35743276494513654
-0.14441478472198283
0.76805715841783
0.1607913024700931
0.592241468606612
2.083985958894868
-1.3770804077871752
-0.24170166150090086
-1.4113259723255998
0.49126514061773385
0.32969696005567484
0.7839956131486141
0.4103029625025912
-0.1914824595123106
-1.012926071621963
-1.1175691160179664
-0.3562914976994587
-2.200629434615336
0.6403343661395239
0.4638201047590308
0.04854967752110133
1.9538869888186883
-0.9583105908882166
-0.0966716099710182
1.399488851661067
0.6075092980701018
0.31829521536016775
0.23222387024344032
-1.466185920151176
0.6352588543307962
-0.5015325954685319
1.5422893866870273
0.6704255857224969
-1.4403291824054303
0.30231857120207967
1.02301965631801
0.6534066194463257
0.5712007848077775
0.3716553842754927
-2.6128496151149716
-0.8258782795530067
0.3745103503589333
-0.010573700921571488
0.49555642645520015
-0.9810004024731802
-0.11010990237286367
0.7250900139673587
-0.8348030010488092
0.29408507518271293
-0.7971919041701018
-0.25947269858182587
-0.7750649351336825
0.5215116630546888
-0.9702474467304417
0.9971990259325302
0.8709796755837035
1.0033169457366622
-0.9132733294753855
-0.44734340315787713
1.8361699656621766
0.3316611203748116
0.04077103964014412
0.8303352083535825
0.9858793766970618
-2.5865013311259695
1.3480239794033917
1.3824362536509587
0.2417677756384962
-0.24041475160569795
1.7665367976603799
0.5720411306192034
1.392121267072835
0.8761717241892385
0.19205275035204247
-0.8738425551958033
1.046475142272041
0.2951084831520156
0.01654497903078928
0.9286744704169927
1.2901929386912214
-0.606544089467924
0.5584174200759261
0.17883670148624786
0.24274316286755046
1.244554706422325
-0.8343495796352942
-0.6924738107962137
-0.13796020778308812
0.8106547189225893
-0.9587459397139773
-1.2384586253308236
0.6904171688223517
-0.10707760260261669
0.48508897991439154
0.6441368218993021
0.07164109770958829
1.5328667877109026
-0.9684430713233715
-1.312850793337785
0.08976193273662617
0.1469519317208814
0.5213943387946101
-0.6538235448584281
0.5936905224693154
1.747140079453842
1.6805323907898284
-0.7575938561776833
1.3928192894545752
-0.27739269386796894
0.3572527243112852
0.09437430443682908
0.7079939743459055
-0.19352167878460147
0.4404872524526632
1.9019242061456387
-1.3466498049787954
0.11964282306340286
-1.464465925103593
-0.7950247112582095
-0.7053172814314198
-0.5747388743669065
-1.109242013794787
-0.24222930616481297
-1.1779283072053766
-0.6725707132870751
-0.5119240392431554
-0.06692238661585109
-0.8443056029439036
-1.0994612419070973
0.6771224566453162
-1.345251167469213
0.41058008552406233
1.9671846203815397
-1.3625197857906968
0.8133388591537873
0.2727998535369909
0.16093301260915244
-0.5747198012115774
0.7355192989386676
-2.492420188805001
0.3909321761234377
3.303163851376798
0.8605103834525409
-0.20876987384741116
-0.5567637342785668
-1.1157297047145025
-0.5816644493660632
-0.8123870180280975
-0.7882478485572583
0.9806331473251897
-1.4445394346498341
-0.5515324088805685
0.786668786119376
0.9052768355409366
-1.4150745952537103
0.06742267900597994
0.37394626666958425
0.7251113412396247
-0.5544452662982965
0.33212387452530323
0.14287928106224584
-0.5328428078430504
-0.7507615157946238
-0.591815481676425
-0.48704194642088877
0.5026614466951065
0.6225754305053706
-0.6387488714777204
0.8840354767359747
1.1299132008368702
0.31363872876106713
-0.6262846961247152
0.5416160676302186
-0.5828259965471545
-0.31004571206170534
-0.910610258836447
-0.4058720344272512
-0.1565822191724632
-0.11363511740695328
-1.206662889699627
-0.03794920505529031
-0.1713101611685663
-0.1693428555134815
-0.5138045947548182
-1.5176070388637186
-0.6507837755761902
1.0297751003235442
0.5775274564418826
-0.8689614867756621
0.04461597630081892
-0.27842161052949643
-0.09243992104197102
0.3959087159148578
-1.1776477712360671
1.606437485471551
0.7579851083990204
1.0548510414257162
0.35827500968606985
1.6028375914437822
-2.025195715032233
1.4824629479002884
-0.3453501524756404
1.3263109659355836
-0.8099103977601367
0.9664849877089976
-0.3546951771747268
0.3027196145523576
0.22721658320281232
1.4536991581037835
-0.21738229002573536
-0.39734812762833277
-0.47752821886839
-0.7918195676911542
1.4190128327290554
0.5746274278396454
1.610346108397905
-0.37847799215692296
-0.6237631426795958
-1.7086595263396271
-0.40806901904901743
0.8634180210727567
-0.24874075499724285
0.8671418443266131
-1.4165367052869446
1.643373251869978
0.40951639849351396
0.6467487030016073
-0.6821853903311806
0.9103007432558453
0.2757056495817854
-1.1099158105626132
0.8643237907807833
-0.1430402692773692
1.7180102069019798
-1.0529790249325648
1.342870672345224
0.7763543267762586
1.1970010375849893
0.34474505007919476
0.595227372862844
-0.241536500419462
-0.20834047142388623
2.0602803675709747
0.018658795855825427
-0.09300221508683562
2.403910868433135
-0.05314569688841177
-1.1958071063371334
0.5258070260661412
-0.8633401409034407
0.7755287246680264
0.7530659865077142
-0.8456824804237205
1.0798984957824376
0.3304265537279995
0.1107496683725568
-0.6589869093945759
0.3694589249860434
-1.1183716455975603
0.39295909575822785
-0.28008702185053513
-1.606817290712008
1.1661677414324998
-2.581751398022751
0.30471631648699526
0.40937682506147555
-1.8067298859214322
0.6459583131504282
-0.710703788289371
-0.17880577908666637
-0.8901611400089993
-2.9033479228704504
-1.2732680053178131
-1.8958376826241534
2.0491524061992035
-1.9656568523450662
1.8983715069600804
-0.37537033703241046
-0.2445851819485036
0.1339452499545453
1.351691344950231
-0.4674815521672293
1.1138906872483083
-0.4415013092259715
1.7937085347966706
2.024397401980223
-0.25011840265703467
-0.36219981233029236
-1.1985454878171673
-0.2524020827148514
-0.22648896771426288
-1.6237712288089932
-1.0633815243347973
-1.2623566994779418
0.6730890783093157
-2.2181920909403487
0.2076426844337484
-0.4355455246411898
-1.0780825526911826
-1.0349179377045041
-2.0072665837377848
0.611059782944418
0.15189587586413975
0.014176812862259873
-0.4838334368521519
0.24402147503433538
-0.09107083355892383
-0.2782142892440158
-0.35581525054954094
0.6600358598747317
0.4244468195495616
-0.1501964133049478
-1.6762628865172484
1.0636610898924113
0.0334156241199712
2.2326460838942754
1.00788009930874
1.0103341537302757
0.018375175949222368
1.2232334631347779
0.8839520134120433
1.049355980959393
0.28585284416874107
-1.4933495758747215
0.6015457407406104
0.8118013694537372
-0.2788185537742101
0.5745867700274602
-1.8610052751929187
0.8886162185767706
0.30207738349966107
1.8055192990206848
0.34108269786419676
-0.17568906069491963
1.5113200111605525
1.3626928200143331
-0.9618359691222038
-1.0472076813629785
0.3122534002087605
0.7708521763462297
-0.6310392944878879
-0.13579302143735147
0.7276755781735539
-1.1026374538684898
-0.19187571031336337
-0.20386772249217971
0.04906186414292171
0.06822951795989382
-0.16779825007273755
0.16433138518557633
0.44911079486267125
-0.9444597773049871
-0.03256284472916421
-1.3174826576748508
0.5783982970911166
1.115256978054978
-0.18179504242191624
-0.6069701204206004
