model:
  d_model: 32 #8
  activation: selu # 'gelu' 'silu'
  activation_cls: silu # 'gelu' 'silu'
  activation_masking: selu # 'gelu' 'silu'
  dim_feedforward: 64 #32
  dropout: 0.10628452839291008 #0.1073617781434152
  n_head: 8 #4
  num_encoder_layers: 2 #2 4
  mask_threshold: 0.05138954267956264
  mask_region_bound: 0.25
  ratio_highest_attention: 0.2 #0.1
  output_head:
    reduced: false
optimizer:
  beta1: 0.9044308164122468 # 0.8617949433117824
  beta2: 0.9727354041172336 # 0.9290826798040532
  weight_decay: 0.00016095362991484007 #0.0002677700972589832
training:
  learning_rate: 0.003647127787280213 # 0.0015574486594428344
  batch_size: 32 #16
loss:
  lambda_contrastive: 0.28688481031072144

