model:
  d_model: 32 #8
  activation: silu # 'gelu' 'silu'
  dim_feedforward: 32 #32
  dropout: 0.29043897092827975 #0.1073617781434152
  n_head: 4
  num_encoder_layers: 1 #2 4
  mask_threshold: 0.20747221473626648
  mask_region_bound: 0.05
  ratio_highest_attention: 0.4 #0.1
  activation_cls: tanh
  activation_masking: tanh
  output_head:
    reduced: True
optimizer:
  beta1: 0.8678495387908424 # 0.8617949433117824
  beta2: 0.992585532456994 # 0.9290826798040532
  weight_decay: 0.00001555733513386182 #0.0002677700972589832
training:
  learning_rate: 0.0006237170150927639 # 0.0015574486594428344
  batch_size: 32
loss:
  lambda_contrastive: 0.20482072642944335

