model:
  d_model: 32 #8
  activation: elu # 'gelu' 'silu'
  dim_feedforward: 32 #32
  dropout: 0.12792456239275643 #0.1073617781434152
  n_head: 2
  num_encoder_layers: 2 #2 4
  mask_threshold: 0.49731155843798946
  mask_region_bound: 0.1
  ratio_highest_attention: 0.1 #0.1
  activation_cls: silu
  activation_masking: tanh
  output_head:
    reduced: True
optimizer:
  beta1: 0.9209975210039942 # 0.8617949433117824
  beta2: 0.9080370223167714 # 0.9290826798040532
  weight_decay: 0.00043829554951073586 #0.0002677700972589832
training:
  learning_rate: 0.004116682775738665 # 0.0015574486594428344
  batch_size: 16
loss:
  lambda_contrastive: 0.8453221035098892

